58	3	53
84	3	50
40	8	104
44	5	70
85	3	81
76	30	48
85	3	67
77	28	89
10	19	0
2	32	38
27	0	96
74	19	84
29	3	108
4	5	44
28	3	103
110	32	42
39	33	125
70	20	12
37	6	28
10	14	27
38	2	49
114	30	58
85	12	28
81	5	67
76	1	58
32	19	103
110	4	84
70	25	35
4	5	48
17	3	90
62	26	61
10	7	37
84	1	29
7	3	87
85	3	75
20	0	19
76	20	100
120	5	9
72	6	85
84	3	117
0	6	100
56	5	18
106	6	37
77	17	91
16	15	94
31	15	16
70	15	94
29	3	11
109	2	98
112	0	128
83	19	29
14	3	108
96	12	85
123	3	13
66	19	84
40	12	67
0	3	98
121	0	42
127	2	36
58	12	85
77	17	32
27	16	75
70	7	28
0	0	40
93	15	94
77	33	115
86	17	31
112	0	39
44	3	89
44	19	37
103	7	40
29	7	37
101	0	77
96	3	9
66	2	31
120	5	98
125	19	103
87	12	100
100	3	81
8	0	120
63	7	90
57	3	58
102	5	30
28	6	7
37	1	100
22	39	23
27	16	109
97	3	96
95	15	94
0	8	110
29	1	85
37	3	9
70	7	50
37	1	50
91	14	20
87	12	89
104	32	42
20	0	14
132	7	87
132	3	89
93	15	16
0	6	50
25	15	16
84	1	90
85	12	130
108	3	90
91	3	100
108	12	50
89	3	90
118	4	0
108	6	100
105	21	0
125	5	74
48	7	90
74	19	73
106	15	94
102	3	58
83	15	16
76	1	96
115	3	89
54	16	11
41	19	50
96	12	81
56	19	103
52	22	29
18	15	94
10	3	103
41	19	84
37	6	103
39	9	83
64	3	29
97	5	132
50	12	117
48	19	103
86	17	79
26	16	11
19	2	36
91	7	37
20	10	91
92	3	108
60	2	49
31	5	105
115	3	14
0	16	11
64	4	84
45	15	94
58	3	90
97	2	107
129	16	117
31	5	17
79	3	100
115	19	90
91	7	103
83	2	107
90	2	40
84	6	7
105	21	90
84	1	58
20	10	24
20	0	7
18	5	98
129	0	14
48	3	87
30	3	87
43	5	105
58	6	108
38	4	90
28	12	100
65	2	101
90	6	84
77	23	84
87	6	14
89	3	14
35	15	94
57	16	56
105	14	57
91	25	35
96	13	58
103	3	131
132	19	50
11	2	107
108	6	0
56	0	48
28	12	81
0	3	9
103	4	34
65	0	86
73	6	128
13	4	111
132	3	87
125	3	103
100	3	87
51	9	33
66	14	20
43	19	37
7	16	98
123	4	2
132	2	46
2	32	123
4	19	7
74	19	103
63	2	30
74	5	70
131	19	84
90	12	89
51	24	72
39	3	58
63	7	29
40	1	84
21	2	69
39	9	35
42	4	0
71	3	40
105	19	29
2	32	39
64	2	1
59	4	37
131	0	15
36	2	46
28	3	6
15	3	89
77	17	103
95	15	16
84	12	103
80	15	94
97	3	100
103	12	28
86	17	70
85	6	73
7	1	84
96	3	53
115	2	31
85	12	18
108	2	106
7	6	29
63	7	96
91	19	103
59	4	0
84	13	0
37	16	75
34	6	50
40	12	56
83	18	29
58	6	7
9	24	13
66	14	87
73	14	26
13	4	51
37	1	103
131	15	94
122	22	84
50	6	96
62	26	110
105	19	103
7	6	40
129	10	22
39	33	97
56	0	91
92	15	94
50	12	103
122	4	103
62	15	16
97	3	29
99	30	85
84	1	108
17	2	31
26	0	90
86	17	108
29	8	51
92	5	91
76	30	17
40	6	7
12	0	70
56	19	90
92	3	84
74	2	32
70	14	96
51	9	41
96	13	87
111	15	16
45	16	98
48	14	87
99	26	9
19	0	73
0	6	37
90	1	84
15	7	40
56	0	15
90	6	47
24	5	10
85	3	50
125	5	43
103	10	91
10	5	132
89	3	103
14	12	56
96	3	98
111	32	38
110	4	29
40	12	98
28	3	11
105	2	30
28	12	3
106	6	68
34	30	58
76	30	125
21	15	94
0	7	37
26	0	7
7	3	12
90	3	67
73	7	37
131	5	117
54	16	3
3	5	131
10	7	73
50	12	109
39	9	105
95	4	40
60	15	94
57	0	7
50	6	40
17	5	30
5	6	85
95	4	7
59	4	50
61	10	35
129	0	73
57	10	24
38	4	29
72	15	16
24	5	125
30	15	94
7	6	103
5	2	69
42	29	16
66	2	126
27	10	48
87	10	132
86	17	4
77	17	132
102	5	63
45	35	20
109	2	46
129	16	98
96	3	67
31	3	87
31	3	84
87	12	98
103	6	13
82	19	40
37	16	53
83	21	0
72	1	84
90	1	108
16	2	46
29	3	9
129	36	22
116	3	51
50	10	132
115	7	7
39	17	15
90	7	7
126	19	40
70	2	126
54	0	73
57	0	28
104	32	128
96	3	29
76	1	7
29	12	11
132	14	20
14	12	12
90	7	37
54	0	40
103	6	77
37	6	84
77	28	32
77	28	4
51	32	60
10	25	35
22	16	20
92	5	24
40	3	3
129	10	66
50	3	120
79	5	17
104	32	118
15	7	103
128	7	50
132	3	50
39	33	132
89	6	108
27	2	54
86	2	95
0	6	73
50	7	90
39	33	44
11	5	98
42	15	94
122	4	37
48	14	26
22	31	97
91	2	15
31	3	96
15	3	40
87	12	9
99	6	84
84	3	58
86	17	127
24	19	90
39	23	40
112	0	42
39	33	79
77	33	125
43	5	48
71	19	84
40	12	130
21	0	87
110	5	104
39	17	74
85	6	100
61	32	77
108	12	89
57	10	70
58	3	108
100	12	12
102	19	50
37	15	16
118	17	100
95	29	94
0	6	84
24	5	30
37	4	99
20	0	56
122	1	58
39	17	17
39	28	48
128	7	28
100	2	108
68	2	106
73	6	37
50	6	58
39	17	63
97	3	50
128	9	41
26	16	109
57	3	96
91	2	31
31	2	30
20	0	87
9	2	98
110	32	80
42	4	40
106	6	14
128	9	119
79	19	40
101	34	60
10	19	29
70	14	129
65	15	94
58	12	14
125	3	40
100	3	84
22	19	29
29	10	132
96	6	84
71	5	30
35	19	73
15	3	87
105	19	40
65	34	77
31	3	14
43	5	63
86	17	84
76	22	84
35	19	90
15	19	50
129	16	18
40	3	103
50	1	108
128	3	104
50	6	7
48	7	84
39	17	31
113	2	69
15	19	90
87	6	100
15	5	48
96	12	53
12	5	53
29	8	111
61	10	33
37	6	90
58	3	81
110	10	82
45	16	26
92	3	28
87	3	99
77	17	79
118	17	48
108	12	53
0	6	47
1	15	16
128	7	103
29	13	103
84	1	85
99	1	87
114	30	28
52	1	90
19	0	90
110	15	94
96	12	98
29	2	49
63	7	100
58	3	89
58	12	108
100	3	28
66	15	94
50	6	72
88	15	16
129	10	70
59	2	69
58	12	109
102	3	96
97	2	32
123	2	49
87	12	108
85	6	28
111	32	123
77	28	108
74	5	63
10	3	14
100	12	120
95	4	103
24	19	50
74	3	85
34	6	68
29	2	103
63	2	46
58	6	28
32	5	10
93	2	88
71	2	126
27	16	117
75	5	117
39	28	105
9	5	53
103	12	90
91	14	100
18	24	13
0	1	87
96	3	3
129	0	100
118	17	89
66	7	85
44	5	30
62	2	36
27	3	58
50	7	7
48	3	84
91	3	89
100	12	130
84	13	7
63	14	28
50	12	75
89	12	90
82	19	29
97	3	14
41	21	73
20	16	9
58	12	103
86	17	71
38	4	37
90	6	73
125	5	30
47	15	16
17	3	100
37	3	6
90	6	7
24	2	126
0	3	100
87	3	96
37	1	87
50	6	28
115	3	58
77	23	0
30	3	14
75	19	40
6	5	11
129	15	94
10	2	46
40	3	53
129	16	56
73	14	20
58	6	37
70	4	131
56	5	75
26	0	108
77	17	63
84	6	50
66	3	96
44	19	7
14	10	15
64	3	84
76	30	31
58	2	87
128	9	35
26	10	115
104	9	33
59	15	94
37	13	7
68	6	87
76	1	103
111	42	16
7	6	39
121	15	94
131	5	120
88	2	46
100	3	34
22	31	79
63	7	73
71	25	35
86	4	84
77	17	100
4	3	40
58	2	49
93	26	57
18	5	117
73	6	96
84	7	0
120	5	130
40	7	50
73	6	85
111	10	83
20	10	48
14	6	106
85	2	100
87	6	47
129	16	12
91	14	96
83	2	82
20	15	94
132	19	90
19	37	21
40	7	0
66	5	115
92	19	29
99	30	87
7	6	100
108	12	117
47	6	89
66	15	16
99	26	120
12	0	91
10	14	57
102	3	40
67	2	107
10	19	90
13	4	62
28	3	34
51	32	1
58	12	89
50	3	56
50	3	100
43	3	14
10	19	84
31	3	100
26	2	54
51	32	64
29	10	70
63	7	37
105	3	50
22	31	43
132	3	108
37	6	7
118	17	32
71	19	29
14	2	49
47	6	50
121	0	64
21	0	128
61	32	128
18	5	67
77	17	48
118	17	84
90	7	0
90	3	81
39	9	119
75	2	9
7	3	131
122	23	40
19	0	28
7	3	28
32	3	108
130	5	11
7	0	103
118	29	16
77	17	44
85	12	90
40	1	103
28	6	50
124	15	16
28	12	108
102	2	107
17	3	103
26	16	18
92	19	40
10	2	126
108	12	56
40	3	58
38	4	7
128	3	100
24	5	91
20	39	23
57	0	0
105	3	100
90	6	58
10	14	85
40	1	87
87	12	11
17	3	85
87	6	84
92	5	17
124	2	69
73	8	51
91	7	85
39	33	102
95	2	1
44	2	46
14	12	120
76	1	14
37	16	9
12	0	132
40	10	129
103	6	37
103	12	96
31	3	89
111	9	119
108	10	66
47	2	49
73	14	45
129	16	3
118	17	90
58	12	3
36	15	94
74	5	10
58	8	127
105	5	115
103	7	29
99	26	109
128	18	90
76	20	14
5	26	57
32	5	48
22	19	40
50	3	90
72	4	59
29	6	47
58	6	0
30	3	85
39	17	90
54	16	53
105	3	89
84	6	108
71	3	14
86	17	44
28	3	108
45	16	131
118	17	96
87	12	6
28	10	15
113	22	72
40	1	28
58	3	131
132	14	85
37	6	100
90	3	109
40	12	96
77	17	34
85	12	87
37	6	68
52	2	46
96	6	108
99	15	16
103	1	100
120	5	81
18	2	9
85	10	48
15	19	37
92	5	74
52	22	103
91	3	108
4	5	70
50	12	89
50	3	130
105	7	37
66	19	37
68	6	40
8	16	131
43	5	91
120	0	91
67	24	72
85	13	96
84	10	70
56	5	67
103	6	89
7	3	58
87	3	117
108	3	120
77	17	17
50	12	84
43	15	94
129	0	37
52	1	50
61	32	123
127	15	94
58	3	11
59	4	84
40	8	61
85	15	16
112	15	94
121	0	118
45	16	67
54	16	9
40	2	49
110	32	1
50	4	99
73	8	110
37	7	0
103	10	115
70	5	71
45	0	50
39	9	41
73	2	106
105	23	29
28	6	89
15	14	57
129	16	11
4	5	10
45	16	11
90	6	64
12	5	67
66	2	15
76	22	99
103	13	7
99	2	46
97	2	30
0	3	96
109	5	67
87	12	40
24	19	73
50	3	28
90	3	89
87	12	103
87	3	40
48	14	129
85	6	90
77	28	50
79	5	105
50	6	77
115	3	90
14	12	67
87	12	67
58	12	87
110	9	83
23	6	85
71	19	103
81	2	9
3	15	94
27	10	102
56	15	94
14	6	50
27	0	108
0	6	85
122	22	85
28	6	96
132	5	71
27	10	91
84	6	73
129	41	22
84	6	14
85	8	127
67	24	123
72	3	13
76	4	0
32	5	91
7	6	37
132	7	96
94	2	46
105	5	70
131	19	29
99	6	29
125	3	100
25	15	94
28	12	103
76	13	122
29	8	104
7	1	28
43	2	97
7	6	47
25	6	85
77	33	44
122	22	108
83	21	103
132	7	28
7	16	53
70	2	15
39	33	48
50	6	106
29	13	0
26	10	24
50	12	108
40	12	29
63	7	0
76	20	29
60	15	16
14	12	103
76	4	40
40	6	96
26	10	15
111	32	86
40	12	14
85	12	100
45	35	26
132	7	58
70	14	20
50	13	7
40	3	14
76	30	66
50	6	37
43	3	89
10	7	29
48	5	30
24	3	89
7	16	12
84	6	47
0	3	117
7	2	107
74	3	87
4	19	0
113	22	80
118	17	105
76	30	96
39	28	63
24	19	37
19	0	58
58	6	14
58	3	84
103	10	48
132	3	28
76	20	7
115	14	27
64	4	0
10	7	28
130	5	6
52	4	50
39	23	84
104	24	13
0	3	85
122	2	46
27	10	4
20	2	8
30	19	84
130	5	117
54	10	4
52	1	29
52	22	14
82	19	84
39	28	44
50	7	73
116	3	101
50	1	103
73	15	16
128	21	122
90	4	34
17	3	89
100	13	87
87	13	108
45	15	16
90	12	53
66	14	100
84	3	90
74	25	35
110	9	41
66	7	100
50	8	90
53	5	98
27	10	15
64	2	49
77	17	43
57	0	108
77	33	32
102	2	126
86	17	32
63	14	27
48	14	85
54	10	66
84	12	85
128	7	84
26	2	46
14	6	73
50	12	130
57	16	109
66	3	40
76	1	85
40	6	29
30	2	46
24	3	87
27	0	0
103	12	9
70	14	100
96	3	58
122	1	100
118	17	15
54	0	96
108	12	28
60	4	90
87	12	131
100	12	18
51	32	42
28	3	96
96	10	91
0	16	18
85	6	123
87	3	12
51	32	86
57	3	28
108	3	117
123	4	59
42	29	94
50	12	28
123	3	72
104	32	123
95	4	84
57	0	14
2	24	123
115	3	85
40	8	84
99	30	96
58	3	67
108	10	70
99	26	98
90	6	87
85	3	72
14	3	40
70	7	7
113	22	60
12	5	9
17	5	48
66	14	45
0	4	99
77	28	43
72	2	13
61	32	80
90	13	73
77	3	84
100	15	94
103	6	96
32	3	85
13	1	84
34	6	58
40	3	81
92	19	50
83	19	37
121	34	128
45	0	87
39	33	74
2	10	33
47	6	96
90	12	3
74	3	103
51	15	16
10	2	105
28	3	109
15	3	90
24	3	29
71	3	58
66	7	73
70	5	30
85	3	40
34	15	16
24	5	79
118	17	40
28	6	103
131	0	91
122	1	7
50	7	40
79	2	126
110	32	123
29	12	85
38	4	73
31	19	90
85	10	91
108	3	103
3	5	67
40	12	85
90	12	87
43	3	108
7	16	130
40	3	108
84	3	12
87	3	109
99	2	36
84	6	40
118	17	28
50	12	29
86	17	22
27	0	58
111	24	72
111	23	29
96	3	131
118	4	73
97	5	44
50	1	28
87	3	34
96	6	68
97	5	10
119	19	0
58	3	28
7	6	77
108	3	18
18	24	123
7	3	120
97	19	29
34	1	87
99	6	106
37	16	11
111	10	116
8	15	94
91	5	63
96	6	90
73	14	58
102	3	50
122	1	50
26	16	9
31	3	103
92	5	70
43	3	50
32	5	105
35	19	29
79	5	74
87	12	84
0	8	51
39	3	29
108	3	130
28	6	29
103	12	117
52	1	37
10	5	91
74	3	96
83	18	40
39	28	31
14	3	98
37	0	12
128	3	96
111	27	121
51	10	41
57	16	129
17	19	29
109	5	3
104	9	41
14	15	16
44	3	108
36	15	16
79	3	96
32	5	24
129	15	16
7	16	9
115	7	50
103	1	87
40	1	90
13	4	110
109	5	75
40	3	50
2	5	104
87	2	14
28	6	84
109	0	132
126	2	107
7	1	50
39	3	108
7	16	131
70	7	29
19	0	37
29	3	50
128	21	50
29	10	22
104	32	13
10	21	103
57	16	12
27	0	100
77	33	43
41	18	90
14	6	47
10	21	90
125	5	71
85	2	49
79	19	90
129	0	128
14	12	85
20	0	0
40	7	90
131	0	70
48	5	71
79	5	15
113	22	77
85	6	7
85	3	56
70	20	120
96	10	70
22	31	92
115	19	7
48	3	29
5	2	124
76	1	28
53	2	46
126	19	90
73	4	99
50	12	53
96	13	108
28	3	67
77	23	90
34	26	131
132	14	108
0	15	94
70	7	87
77	28	63
37	1	90
100	6	103
66	19	0
0	8	61
14	10	70
31	3	28
125	5	105
115	3	29
47	6	85
28	10	66
132	3	85
40	12	58
15	3	14
29	12	98
48	2	31
130	24	13
37	3	18
96	12	9
87	12	12
21	38	26
26	10	79
0	6	13
4	3	58
74	2	107
6	2	107
66	7	103
76	22	29
100	6	47
122	1	96
109	2	107
71	19	73
44	25	35
132	7	100
6	15	94
53	2	98
108	3	50
14	6	68
73	14	96
21	11	129
50	6	73
54	2	46
121	0	128
21	2	36
59	15	16
86	17	85
40	6	100
29	6	58
97	5	92
27	16	131
81	5	98
39	3	87
7	6	0
37	16	131
4	2	126
20	16	109
41	21	103
115	7	100
37	3	100
70	14	57
111	2	46
52	22	96
85	12	96
120	19	103
2	32	13
58	2	106
6	24	72
125	3	90
50	12	11
89	6	90
109	5	18
61	9	41
20	16	75
66	7	40
47	6	100
50	3	9
76	2	36
66	14	57
84	3	67
68	6	29
67	5	98
99	6	28
20	0	58
32	3	50
27	0	29
32	5	43
7	6	89
85	6	37
65	34	42
92	19	7
102	5	43
100	3	130
66	7	37
11	15	16
97	19	50
39	28	32
100	10	15
92	3	89
100	12	103
77	17	99
74	3	89
86	17	30
70	3	28
32	19	50
37	6	64
91	7	58
34	15	94
86	17	10
77	33	70
58	6	84
68	6	106
87	6	106
104	9	82
115	19	103
99	1	108
14	3	96
32	19	40
92	5	48
105	21	103
79	19	103
19	2	124
20	16	53
126	19	29
126	15	16
108	6	89
76	20	85
13	15	16
115	7	84
39	33	91
109	5	130
63	3	103
110	15	16
85	13	28
86	4	0
0	0	29
100	12	75
24	5	71
58	10	15
29	3	98
84	12	14
97	2	46
8	16	117
92	2	97
125	3	28
10	5	71
29	6	64
24	15	16
29	6	50
84	7	37
129	0	28
7	3	81
12	19	40
122	1	108
63	3	108
47	6	37
20	2	46
7	0	120
10	14	58
28	6	100
17	19	0
50	12	3
20	10	92
0	8	2
96	3	85
18	5	11
39	28	92
90	6	123
14	12	109
84	13	29
26	0	120
122	22	29
32	5	30
126	19	50
128	18	50
39	28	70
2	9	83
37	3	130
77	28	87
19	0	100
66	7	50
38	15	94
90	10	48
99	26	81
85	10	70
57	3	100
103	7	0
91	2	30
83	19	7
131	5	75
118	17	71
14	12	18
43	25	35
76	4	7
108	2	14
84	6	106
27	10	66
129	39	23
86	17	91
52	22	40
77	17	125
26	10	125
50	6	64
77	17	31
10	21	37
111	32	118
130	15	94
26	0	96
64	3	58
132	5	30
17	5	115
51	10	33
34	26	18
13	1	85
117	2	46
8	16	120
111	42	94
108	6	90
57	16	27
90	7	73
84	12	96
111	32	42
63	14	85
103	10	66
122	22	90
47	6	87
111	32	39
45	0	108
56	19	40
66	5	132
128	9	10
57	15	16
68	2	49
10	23	40
90	1	87
57	16	20
100	3	6
15	14	87
31	19	84
71	19	90
92	19	37
101	0	39
115	3	50
105	5	66
1	2	49
58	6	47
102	3	90
4	3	108
96	8	100
79	5	48
77	17	96
39	33	24
10	14	100
103	2	89
87	3	90
43	5	70
92	25	35
71	3	103
38	4	40
105	7	50
0	1	50
40	12	87
77	29	128
14	10	22
58	12	12
9	5	75
63	7	84
77	28	102
111	32	60
116	3	61
68	6	50
53	5	67
40	6	64
39	17	4
114	30	96
91	7	40
110	32	118
65	2	46
0	16	12
71	2	46
37	6	29
111	32	80
2	9	119
92	3	100
125	3	14
115	7	58
45	0	12
48	2	30
120	19	29
27	0	73
128	2	95
39	3	100
90	6	37
29	12	75
7	16	117
37	2	8
96	2	108
51	10	35
52	4	0
15	14	20
110	9	33
80	29	128
17	19	90
57	3	108
103	12	58
51	32	39
109	0	91
28	3	12
89	12	29
111	32	13
32	5	31
113	22	118
39	28	79
37	3	3
101	34	95
122	1	14
54	16	81
88	2	124
37	16	130
92	5	31
77	17	87
44	19	103
70	20	90
108	12	103
128	21	0
7	3	98
66	5	30
103	3	120
28	12	75
37	1	96
50	15	94
17	3	96
79	5	66
129	0	120
77	23	73
122	2	52
76	30	32
20	0	28
100	3	14
87	3	103
131	0	66
90	12	40
112	0	60
118	17	115
78	15	94
0	1	90
50	3	98
17	15	16
72	4	73
84	12	100
37	3	108
60	4	73
52	22	50
65	0	64
91	3	14
43	2	79
77	28	100
95	2	49
10	21	50
96	12	103
27	0	131
100	3	58
27	0	103
77	23	50
39	2	49
132	7	7
79	3	84
105	3	87
84	6	89
30	25	35
105	18	40
52	4	90
125	5	44
104	9	119
71	3	96
37	6	14
40	3	130
71	3	85
77	17	114
50	3	12
8	16	11
125	19	84
96	6	103
86	17	100
79	3	50
40	3	98
6	5	53
116	2	36
7	6	84
96	3	28
103	7	7
85	10	132
14	10	91
34	1	28
44	19	84
27	10	22
74	19	50
76	30	105
103	3	90
57	10	102
76	20	28
118	17	34
91	4	131
52	1	73
84	7	40
14	12	6
7	16	56
14	6	100
122	22	50
101	0	86
18	24	72
128	21	37
89	12	87
58	12	40
77	28	14
123	4	62
93	6	85
54	0	103
90	7	84
10	5	63
29	3	56
39	23	37
100	6	29
0	13	7
75	19	84
90	6	106
129	10	97
37	0	131
123	2	13
81	15	16
118	17	4
41	19	37
40	12	108
42	4	90
25	2	88
12	5	11
102	5	66
86	4	103
41	18	50
77	33	31
109	5	131
130	2	9
99	26	6
51	24	13
90	3	75
84	1	50
10	5	115
29	8	40
40	10	66
37	1	108
21	2	124
129	16	81
48	14	96
132	14	57
37	6	40
129	0	85
50	3	81
69	6	85
33	2	36
72	4	84
119	19	29
77	17	97
15	5	30
68	15	16
61	32	60
72	4	2
4	5	17
56	19	29
124	6	85
100	6	14
129	16	131
7	0	56
39	17	115
20	16	130
119	19	40
86	17	89
50	10	22
29	12	89
58	12	98
77	28	132
26	10	66
71	3	87
50	7	0
91	14	28
44	2	107
38	4	84
10	3	84
118	17	132
132	14	27
14	6	90
75	5	130
57	0	87
39	17	105
108	3	3
58	3	120
28	12	67
54	16	117
21	0	108
92	19	90
21	0	39
43	5	17
114	15	94
130	2	98
102	19	103
108	3	96
37	1	40
9	15	94
28	6	37
25	2	46
76	1	29
89	6	96
22	15	16
99	6	14
126	25	35
58	10	70
10	7	100
63	19	29
31	5	132
43	5	71
90	3	58
29	3	96
77	33	48
3	5	81
20	16	3
84	10	115
96	3	100
84	6	90
97	3	108
105	14	108
70	3	96
18	15	16
34	6	47
50	2	103
61	10	82
96	6	37
41	21	37
9	5	130
7	16	120
77	17	89
58	3	29
64	15	94
123	4	94
56	5	81
126	19	0
132	3	96
90	13	37
32	2	30
40	6	50
6	2	46
48	3	28
65	34	39
9	5	81
100	12	109
15	15	16
29	12	81
2	32	77
105	7	7
77	33	71
20	16	81
126	2	46
104	15	94
100	10	66
84	7	103
115	3	84
45	41	26
54	10	70
80	2	1
66	3	89
29	1	96
100	6	7
29	3	3
59	4	90
84	13	50
119	19	84
111	23	40
103	10	132
118	9	119
75	2	98
66	19	7
73	6	13
32	3	84
10	19	50
110	9	119
54	0	87
108	6	7
66	25	35
76	4	29
129	16	120
77	28	91
61	2	46
0	6	28
65	2	36
35	15	16
105	23	90
93	2	124
103	12	29
86	17	87
85	12	103
50	12	98
65	34	86
2	9	116
38	4	103
3	5	130
84	7	29
53	24	13
29	4	99
103	3	9
114	30	5
105	3	40
0	3	120
32	5	15
4	5	43
58	3	56
108	6	96
37	1	84
0	6	40
72	4	7
97	19	40
40	6	87
40	7	29
45	0	14
43	5	115
58	3	96
66	3	103
87	2	106
4	5	79
50	3	40
44	3	96
115	7	14
14	12	28
121	34	39
132	14	58
40	12	28
128	4	73
118	17	29
103	8	111
116	15	16
102	19	84
76	30	63
20	11	22
90	6	40
110	32	72
102	3	85
77	33	92
17	2	107
105	2	31
115	3	96
10	21	84
43	19	50
100	6	58
54	0	12
43	2	30
97	5	125
43	3	58
56	2	98
39	33	17
105	23	84
67	2	81
105	5	48
28	10	22
32	19	0
85	3	108
4	5	71
111	32	128
58	2	14
10	18	90
57	16	11
39	29	94
61	32	38
77	2	95
84	2	89
86	4	29
87	10	22
96	6	47
50	8	104
51	9	119
89	3	100
113	2	46
121	34	118
116	3	111
105	21	50
7	0	50
131	19	90
62	2	46
51	5	2
8	16	3
40	3	109
132	19	40
90	8	61
85	10	66
39	17	14
20	16	18
91	7	73
110	32	77
41	2	82
20	0	90
103	3	28
85	12	50
91	3	28
108	6	28
115	14	28
83	19	103
77	2	1
39	23	29
132	3	100
91	7	29
131	0	132
63	14	96
100	13	108
125	3	58
128	3	28
103	6	85
39	4	37
105	19	0
90	1	100
126	19	37
100	12	40
58	12	90
109	5	9
96	12	89
10	14	20
105	14	26
14	12	40
73	6	89
108	3	58
57	16	18
28	12	90
28	12	50
83	21	122
90	6	72
85	10	2
42	2	49
74	3	108
39	2	1
39	4	73
111	10	33
67	2	9
70	7	108
30	3	96
64	4	73
3	5	117
68	6	84
27	16	20
29	2	89
71	5	63
125	3	85
37	3	87
90	1	50
15	3	28
15	14	108
100	12	58
90	6	100
76	20	37
84	12	58
29	6	68
39	28	71
14	12	130
65	34	95
50	12	87
115	14	57
103	3	109
0	2	107
34	30	85
52	1	100
25	2	69
40	6	73
125	3	89
27	3	96
40	6	28
116	2	46
31	5	115
7	16	18
27	15	94
100	3	99
122	4	7
21	36	129
14	12	117
96	2	49
30	3	89
100	3	108
14	3	18
65	34	118
17	3	28
4	5	125
121	34	95
10	7	84
102	5	10
132	7	0
29	10	48
132	14	100
29	13	73
92	5	102
66	14	58
20	10	97
84	6	123
109	5	56
92	3	85
99	26	11
43	3	100
106	15	16
66	19	50
75	5	6
103	3	56
28	12	40
40	13	103
24	19	103
61	9	33
129	2	8
85	6	29
89	3	29
128	4	90
109	0	66
70	20	40
37	3	56
64	29	94
103	1	90
130	5	81
90	6	103
105	7	40
74	5	30
8	15	16
100	12	28
86	17	43
48	19	40
40	10	115
32	5	132
105	14	96
77	33	24
106	6	29
132	7	90
106	6	84
84	3	56
120	2	46
12	5	81
28	10	70
17	15	94
118	17	79
97	5	48
72	4	110
2	32	42
30	3	58
41	19	40
92	2	30
100	13	96
10	23	29
103	6	72
96	12	130
84	12	53
35	19	0
115	14	54
70	3	29
40	10	70
29	3	117
96	10	132
129	16	20
39	17	92
84	3	109
73	2	49
103	6	0
58	3	34
100	3	29
87	3	67
32	3	89
118	4	40
80	2	49
37	3	109
29	3	130
102	19	37
40	12	81
44	3	28
45	16	75
27	10	79
91	7	28
44	5	74
69	2	36
108	2	89
125	15	94
39	33	115
87	12	81
121	34	77
97	5	91
77	17	40
16	2	94
40	1	73
66	14	54
89	3	84
57	10	43
100	12	108
39	3	50
115	7	87
128	3	103
29	6	13
59	4	103
129	10	24
31	19	0
26	10	102
4	19	50
45	0	103
40	3	89
40	13	84
104	32	80
109	5	53
87	12	109
43	19	84
48	14	54
29	7	0
2	24	13
111	15	94
128	21	103
14	6	0
2	15	94
100	10	48
38	4	50
50	10	91
70	7	37
86	17	28
17	5	71
82	15	94
74	3	84
20	10	115
52	1	40
28	15	94
122	1	73
70	3	40
73	6	100
58	6	96
87	12	18
48	25	35
103	7	73
89	12	100
111	5	51
52	22	99
100	10	91
118	17	103
103	6	128
123	2	1
114	30	19
100	10	22
83	18	90
11	2	98
120	0	132
32	3	96
85	3	90
63	25	35
51	10	119
77	33	30
77	28	105
70	20	131
83	19	84
120	19	50
74	5	66
72	4	94
101	34	128
56	5	53
91	19	37
114	30	21
90	1	40
103	1	50
87	12	96
0	0	84
86	17	63
89	6	40
70	19	103
99	30	58
50	3	14
108	12	90
90	1	29
44	3	85
40	3	75
120	0	70
96	6	106
72	4	103
32	5	66
122	23	37
21	0	28
89	15	16
50	1	40
20	10	79
14	3	120
115	14	85
50	6	123
57	2	107
92	5	30
44	3	58
70	14	27
29	3	40
100	12	85
86	17	15
77	33	22
77	3	87
31	5	91
86	4	73
79	5	71
108	3	6
55	15	16
106	6	73
90	6	108
37	7	7
96	6	58
72	4	62
63	5	30
65	10	116
129	10	48
72	12	123
8	16	109
28	3	90
50	12	56
15	7	100
18	5	81
87	12	85
65	0	42
57	3	87
103	12	109
3	5	9
91	15	94
111	27	112
91	3	87
15	7	108
77	17	28
115	3	100
120	0	115
89	12	96
10	14	45
9	5	6
103	1	84
89	12	108
131	5	53
41	21	50
29	13	37
86	17	125
72	4	51
80	29	39
85	3	28
103	6	58
43	3	96
127	39	96
44	3	90
17	19	103
122	15	94
40	13	73
10	5	66
26	16	75
14	12	96
57	0	96
50	3	18
77	3	28
119	2	46
76	4	103
110	24	72
45	0	29
34	6	84
3	0	70
84	4	99
85	12	75
83	15	94
0	3	53
7	6	28
118	17	31
50	2	89
79	25	35
87	6	73
57	10	48
48	19	0
48	14	108
132	15	94
87	3	56
29	6	128
54	0	28
106	6	90
51	32	95
90	8	111
28	10	115
89	12	85
40	8	90
105	14	28
29	3	14
43	3	103
91	14	108
127	39	28
28	6	0
56	2	46
112	10	116
3	5	75
53	5	117
32	19	7
50	2	106
50	6	84
90	3	11
100	6	0
26	0	28
32	15	16
27	10	115
77	28	74
61	9	83
89	12	103
45	0	28
77	17	4
57	36	22
132	7	103
105	7	87
44	15	16
96	12	131
82	2	46
103	12	84
103	1	58
24	5	132
66	3	50
40	6	103
41	19	73
32	5	92
129	2	54
70	3	89
104	10	35
79	5	10
125	15	16
84	10	91
40	8	51
15	3	58
47	6	28
79	19	50
29	6	0
102	5	44
15	14	26
100	6	28
0	3	6
90	8	73
48	3	103
132	19	0
130	5	18
40	6	58
103	3	84
83	21	37
10	2	31
21	0	40
82	19	0
86	17	34
84	12	6
128	3	58
131	5	9
10	7	0
0	1	29
29	6	77
29	12	9
77	4	40
40	12	11
87	3	120
114	2	36
14	12	53
115	25	35
14	12	90
57	16	26
118	2	1
70	3	84
92	19	73
29	4	50
44	5	31
15	7	84
110	32	60
34	1	85
87	3	75
20	10	66
84	4	34
77	4	29
83	18	73
43	2	32
15	7	37
84	12	75
108	12	29
29	8	110
85	12	9
96	2	89
58	12	18
54	15	16
39	33	30
87	10	48
50	6	0
130	5	53
84	3	108
15	7	7
39	33	63
128	29	16
31	19	103
54	16	98
86	29	39
60	4	84
14	6	58
90	1	96
103	3	96
40	6	89
3	5	120
14	6	89
110	4	50
37	1	28
83	21	50
60	4	0
28	12	18
99	26	131
76	1	0
29	7	40
96	6	89
85	12	53
58	12	29
76	30	71
86	4	90
10	19	103
103	12	130
35	19	37
40	3	117
86	17	74
13	15	94
61	24	72
108	12	87
130	5	98
20	0	40
48	7	100
37	3	96
89	12	28
54	16	131
40	40	50
57	2	54
43	19	29
10	3	40
37	6	85
125	19	7
29	6	39
7	6	64
15	3	85
14	6	103
37	8	110
40	10	132
75	2	107
115	7	108
24	2	30
108	3	11
7	3	18
87	6	96
48	3	40
22	19	0
85	3	14
47	2	106
120	0	48
103	3	53
87	6	89
64	3	90
76	1	108
128	7	90
101	34	118
128	15	94
115	5	63
50	10	115
65	0	39
127	2	46
118	17	58
84	3	123
15	14	28
96	15	94
41	19	103
122	1	0
34	26	53
108	10	132
74	19	0
91	19	50
51	9	35
86	15	16
12	5	117
108	12	11
103	12	6
27	2	107
14	12	29
102	3	28
103	6	14
86	17	97
63	7	103
106	6	0
33	2	46
74	3	28
72	4	61
58	6	50
0	16	120
28	12	120
100	12	67
73	6	39
92	3	14
4	5	31
13	3	85
77	17	85
53	5	81
20	10	132
90	10	70
20	0	29
117	2	98
122	1	103
40	3	96
100	6	96
63	2	126
76	20	0
92	5	105
50	1	58
12	2	46
34	30	108
100	2	89
58	12	100
108	6	58
22	19	7
29	6	37
70	7	84
74	19	90
0	3	67
76	30	132
90	12	85
26	16	6
63	7	85
39	17	108
14	6	85
47	6	90
70	7	73
7	6	108
17	3	108
66	3	58
5	2	36
2	9	35
24	3	90
0	6	72
103	7	37
108	3	28
60	4	37
97	2	126
131	19	40
91	3	103
56	19	50
77	3	100
73	6	28
128	9	83
52	1	14
108	3	34
77	28	92
73	6	47
85	12	81
61	32	1
19	0	7
105	21	122
84	12	18
77	29	16
0	8	111
28	6	14
0	1	100
84	3	120
70	14	28
84	6	58
0	6	89
58	12	9
100	6	73
26	10	92
105	19	37
37	6	108
132	3	84
132	19	84
84	10	132
100	10	2
26	0	50
118	4	103
27	16	3
50	3	96
128	2	64
28	12	96
21	41	26
14	6	96
77	28	115
13	4	16
23	2	55
37	16	6
57	10	125
12	0	15
81	2	130
96	12	40
0	3	58
58	13	108
77	17	22
40	13	0
79	3	108
44	5	10
90	7	103
84	3	100
56	5	9
76	15	94
1	15	94
40	3	9
37	3	131
76	30	44
4	19	90
95	4	29
112	2	36
50	1	85
7	3	9
64	29	16
84	3	13
101	0	118
125	5	132
57	16	67
119	19	73
41	18	84
50	12	96
13	2	49
11	2	46
84	3	131
61	10	83
39	17	96
108	12	85
19	0	40
29	1	108
7	2	8
24	3	96
39	3	14
40	1	96
99	1	100
87	3	108
91	5	66
43	3	29
76	22	100
52	22	58
103	6	73
79	5	132
100	3	117
43	3	85
130	24	123
72	4	16
89	12	40
90	6	77
74	5	105
110	4	103
48	7	58
32	19	29
91	3	50
65	0	77
4	15	94
69	39	13
76	30	10
39	17	48
45	16	109
66	5	70
40	6	128
105	3	96
108	3	14
28	12	117
4	3	103
29	1	50
68	6	14
100	6	68
85	2	89
3	2	46
57	0	50
40	1	85
85	3	120
70	3	90
10	19	40
129	0	39
58	3	99
29	8	61
91	19	7
84	12	28
4	2	32
90	3	18
105	7	58
69	15	16
99	6	40
60	2	1
112	2	101
100	3	131
90	6	68
28	3	84
128	3	85
29	12	14
54	10	15
106	6	7
108	10	115
12	5	98
132	7	40
84	12	81
90	3	98
29	3	120
90	12	130
14	12	87
90	1	85
111	27	101
85	3	96
18	2	130
110	10	116
52	22	90
103	3	87
2	9	33
95	4	90
6	2	9
87	12	117
129	0	103
37	1	85
39	33	66
63	14	54
45	16	9
7	7	0
10	18	40
101	0	60
116	3	104
108	12	120
7	0	40
125	5	63
126	19	7
115	19	84
129	10	79
14	3	29
27	16	9
118	2	49
91	3	96
96	6	85
100	3	11
12	0	115
29	12	108
73	6	123
84	4	29
0	3	87
86	17	50
85	6	13
112	10	33
105	18	29
48	19	90
76	4	37
90	12	58
66	14	27
120	15	94
53	2	130
73	7	90
86	2	118
127	2	69
54	10	97
106	6	87
87	10	91
103	6	47
52	1	58
100	12	131
32	5	71
73	6	72
40	4	29
100	6	40
17	5	70
54	10	92
30	2	107
108	6	68
92	19	84
22	15	94
120	19	40
42	4	29
40	6	84
65	15	16
82	2	107
14	3	90
85	6	50
57	10	22
57	0	120
90	2	49
40	13	90
84	2	40
27	16	129
63	7	7
81	24	13
89	12	58
84	8	73
79	5	30
40	13	29
39	3	28
92	5	4
58	10	66
101	34	86
28	6	106
50	3	11
63	14	45
97	3	85
103	3	18
130	24	72
77	4	37
30	19	37
0	3	12
125	5	10
21	0	14
28	3	100
110	32	128
117	15	16
66	2	107
21	0	103
7	3	3
102	3	103
34	26	3
58	2	108
41	21	29
3	5	98
115	3	108
66	19	29
108	15	16
26	16	20
19	0	85
50	8	40
27	16	81
62	15	94
121	0	77
44	3	87
119	2	82
14	2	89
39	28	125
27	16	12
125	2	107
84	2	14
55	2	46
72	2	49
43	5	10
99	1	28
34	26	56
21	36	20
15	7	90
10	21	7
85	3	29
29	3	6
97	5	31
90	6	128
128	18	29
103	6	39
57	0	85
0	1	28
124	2	36
50	12	12
50	3	85
24	5	105
26	10	48
104	32	38
28	13	87
51	32	123
90	15	94
45	16	56
124	15	94
54	16	120
105	3	14
127	39	100
40	8	111
103	12	56
39	17	84
28	3	117
4	5	66
21	0	90
84	12	98
79	5	91
84	3	28
105	18	103
129	16	6
15	3	108
44	2	30
85	3	58
89	6	84
57	10	92
95	4	0
58	12	117
116	3	65
86	17	99
52	22	28
12	19	29
20	0	21
10	21	73
90	10	66
109	5	81
90	7	50
115	7	103
10	18	103
84	13	90
57	16	75
105	19	73
47	6	103
105	7	85
72	4	104
77	17	10
90	12	98
54	2	107
43	3	84
85	3	98
115	7	40
105	3	29
28	6	68
87	3	98
62	26	111
77	3	85
10	21	40
2	32	64
61	32	64
91	3	40
73	7	0
19	39	23
42	15	16
111	9	35
79	15	16
125	5	15
90	10	115
7	6	128
105	2	107
14	3	89
29	12	90
123	15	16
29	3	103
85	3	123
77	33	132
129	0	12
83	19	40
115	3	40
102	5	125
7	1	100
63	3	29
84	6	39
48	3	14
100	13	28
44	3	103
85	6	68
105	2	126
15	2	46
58	10	22
108	12	40
100	12	117
90	12	109
84	12	40
29	6	108
26	0	128
15	5	71
39	17	32
34	26	109
63	7	28
86	17	102
128	21	29
110	10	119
118	17	44
76	20	73
110	5	61
132	7	108
79	19	84
84	1	73
50	4	103
129	0	131
48	7	14
73	14	100
77	28	10
2	10	83
20	0	108
122	22	100
86	17	92
60	2	95
84	6	85
54	0	90
44	3	100
52	4	73
20	10	22
108	12	58
41	18	103
37	6	47
96	3	130
122	2	36
129	2	107
82	19	37
91	19	40
85	3	89
10	3	89
14	3	67
103	1	29
103	3	100
86	17	115
54	10	22
90	8	110
77	33	15
28	12	89
34	6	85
99	6	108
29	13	7
57	10	97
89	12	14
29	8	90
28	12	29
73	14	85
66	2	30
84	3	103
111	21	104
77	17	30
77	33	4
77	33	66
20	31	22
4	2	30
39	9	82
77	28	84
79	3	85
100	12	89
9	5	98
81	2	98
125	5	115
118	17	43
103	8	84
64	4	37
39	28	10
92	19	0
100	12	14
28	3	29
40	4	84
34	26	9
15	19	29
108	12	81
40	6	106
92	2	107
84	1	28
106	6	96
67	15	94
86	17	103
40	12	50
28	6	90
76	30	126
74	15	16
14	3	117
86	17	58
63	3	50
39	33	4
76	30	70
115	7	90
67	5	11
57	16	131
77	4	84
77	15	16
75	15	16
60	29	16
85	12	29
28	12	53
108	3	40
39	28	115
34	30	28
76	20	90
44	2	32
90	12	28
76	30	79
99	6	96
64	4	7
27	0	21
91	3	58
29	6	40
29	7	90
99	6	50
71	3	100
93	2	36
10	3	90
58	12	53
50	3	75
79	2	30
90	3	120
37	16	12
0	1	84
29	6	96
108	3	9
39	17	22
40	6	0
85	3	87
118	4	29
10	3	29
75	24	72
10	5	30
87	12	75
15	2	126
28	3	56
28	3	9
0	6	68
93	2	46
31	19	50
39	17	58
115	5	30
68	6	85
41	21	122
128	2	1
0	3	11
96	6	40
37	0	29
71	3	29
29	6	100
12	19	103
73	6	90
115	14	26
40	4	99
77	33	97
10	2	30
48	7	37
70	7	85
48	19	50
39	15	94
17	3	87
15	7	29
118	17	102
128	4	84
40	3	100
37	8	2
31	5	30
28	12	58
31	19	29
103	2	49
87	6	85
26	15	94
105	21	84
7	0	90
110	32	95
32	5	17
83	18	50
14	6	108
24	2	97
95	4	73
128	7	58
7	8	51
103	6	50
77	17	14
57	16	117
3	5	12
35	2	82
0	0	90
20	10	125
113	6	85
66	19	40
76	4	73
105	5	71
68	6	100
61	15	94
14	12	58
120	5	67
9	5	67
3	2	109
70	3	108
14	3	84
54	0	58
99	6	58
4	5	30
79	5	43
106	6	89
87	3	84
40	12	6
87	6	40
37	13	0
86	29	128
96	3	90
96	12	67
17	5	132
41	2	83
103	8	61
111	32	64
103	3	81
115	2	126
57	0	12
3	5	11
96	3	109
24	19	29
118	17	92
29	4	34
4	3	29
132	15	16
54	2	8
103	1	40
10	5	15
73	6	29
128	21	90
84	6	0
66	7	0
40	3	11
96	12	11
26	0	37
37	2	7
45	2	8
66	19	90
31	19	37
75	5	11
129	35	20
89	6	68
97	5	74
30	3	40
113	22	13
58	3	14
85	12	14
75	24	123
84	6	28
108	12	3
96	12	90
39	3	103
0	13	73
32	5	74
43	5	30
128	7	29
106	6	108
73	4	34
43	2	46
2	32	1
28	3	85
108	3	87
12	0	48
115	19	40
0	2	7
125	5	48
58	12	96
48	14	100
21	0	29
40	12	53
43	5	31
7	6	50
77	17	102
61	9	82
87	6	58
10	3	28
125	3	50
77	28	44
24	2	46
103	7	90
74	3	40
108	6	106
87	3	11
72	2	1
40	10	48
104	32	86
108	6	47
132	2	31
76	30	30
15	19	73
32	19	37
77	29	39
15	15	94
115	14	58
89	3	87
50	13	0
132	2	126
37	6	128
24	5	17
50	8	2
57	0	29
50	10	48
77	17	66
38	2	1
115	7	37
91	7	90
29	7	103
44	19	90
63	14	57
7	1	90
58	6	90
39	23	90
97	5	4
30	19	103
39	33	92
29	12	56
85	12	67
77	33	102
107	15	16
32	2	126
123	4	110
132	7	37
4	25	35
37	3	58
30	19	0
50	8	73
7	15	16
103	8	110
104	2	46
76	30	91
29	3	85
29	1	90
48	3	89
43	19	90
41	21	7
76	1	37
54	36	22
91	19	73
50	3	53
0	6	64
90	3	87
76	2	46
87	3	14
30	19	7
125	5	66
132	3	14
87	12	28
112	34	42
45	0	58
29	12	120
102	5	15
20	16	120
24	3	50
47	15	94
87	3	9
40	12	18
131	2	46
92	5	15
7	8	111
85	6	14
108	3	12
105	19	84
65	0	95
91	14	27
70	3	85
23	15	16
11	15	94
7	16	109
40	8	73
37	16	120
128	7	100
132	7	50
7	6	106
52	15	16
19	0	20
103	3	3
131	5	12
108	3	98
83	19	50
26	0	84
82	19	73
81	24	123
115	19	0
105	19	7
48	3	100
40	1	100
41	18	73
128	7	108
76	30	102
51	10	83
54	0	50
72	1	85
0	16	9
115	14	20
71	19	40
90	4	50
43	3	28
90	15	16
110	4	90
29	7	50
90	12	81
110	9	82
4	3	89
61	32	118
39	17	87
77	3	40
87	3	18
63	2	31
100	6	106
70	3	50
122	4	29
84	15	94
129	0	40
103	3	58
129	10	102
39	3	96
66	7	7
31	5	70
112	34	118
84	3	81
39	17	125
34	6	87
103	12	12
101	34	42
63	7	14
112	2	46
87	3	6
103	12	85
22	19	84
30	3	90
110	2	36
118	17	17
48	7	87
0	3	130
20	0	73
3	0	91
44	3	14
50	6	39
84	6	100
9	5	11
100	3	50
14	12	98
8	16	130
115	4	131
91	7	7
114	2	69
7	16	81
74	5	91
91	14	87
31	5	71
105	3	28
14	12	108
66	3	84
54	10	91
57	3	85
128	21	40
32	15	94
44	5	15
27	16	130
3	5	18
128	3	29
37	1	14
90	10	132
57	34	58
85	2	108
24	3	14
100	6	50
112	34	95
86	29	94
0	6	87
121	2	101
105	7	73
123	1	85
28	12	84
117	24	123
28	12	6
28	3	89
15	14	96
54	0	85
111	10	41
108	2	49
100	12	3
15	19	103
74	5	48
123	1	84
39	28	102
37	2	107
2	32	86
102	5	79
105	3	58
15	7	73
64	3	87
108	10	91
38	4	0
129	10	4
41	18	29
28	3	18
128	3	50
97	5	66
70	19	0
90	1	28
129	0	108
90	2	106
70	3	87
103	3	11
28	12	131
3	0	15
45	2	46
64	3	40
90	8	2
102	19	90
15	3	103
79	15	94
86	17	24
54	16	6
63	19	84
72	4	0
37	0	40
40	6	13
39	33	31
30	19	40
4	19	84
7	3	96
6	24	123
15	19	0
129	10	125
68	6	108
34	26	130
100	12	96
105	5	30
17	2	126
29	3	100
45	36	22
37	0	90
10	14	129
122	15	16
105	7	84
85	3	131
84	8	90
4	19	29
132	7	73
51	24	123
7	1	85
63	3	87
44	5	115
91	19	90
17	19	7
8	0	12
21	0	27
29	10	66
0	6	103
97	3	58
63	3	96
37	6	87
103	12	98
65	34	60
89	3	85
68	6	103
40	3	67
76	4	84
45	16	53
26	16	67
10	2	107
96	12	18
40	10	91
76	22	85
14	6	40
105	23	103
113	22	42
102	19	0
125	25	35
99	6	89
86	4	40
39	3	84
96	12	6
51	32	13
105	5	10
22	31	4
12	15	94
59	4	40
54	15	94
104	32	1
45	16	117
129	0	50
114	6	85
15	19	7
27	16	67
35	2	107
66	3	90
8	16	75
17	3	50
115	14	129
39	28	91
7	1	96
103	12	67
58	6	87
128	4	29
32	3	87
122	1	85
92	3	87
115	3	87
84	3	96
97	5	43
26	16	131
99	6	100
92	5	63
111	32	77
110	32	39
122	4	40
102	5	17
30	19	90
71	19	0
122	1	84
112	15	16
54	0	131
96	10	15
108	3	84
41	21	84
77	28	30
105	25	35
84	6	72
108	3	99
71	3	89
57	16	9
35	19	7
57	2	46
2	2	36
20	10	102
63	14	129
90	6	29
50	6	13
10	15	94
34	30	100
105	23	40
48	14	57
57	16	6
90	1	58
116	3	2
27	10	92
54	0	56
0	16	98
86	9	119
73	14	54
29	1	58
115	7	0
19	2	46
129	10	132
87	3	85
40	2	89
26	16	3
122	4	84
96	13	28
45	0	131
54	10	132
79	5	44
34	30	96
39	4	90
111	24	13
103	6	87
118	17	74
85	3	18
42	4	73
75	24	13
90	12	120
90	13	7
102	5	48
103	3	67
4	5	63
58	10	132
85	15	94
73	7	50
40	12	3
121	0	39
22	19	90
96	2	106
63	3	89
105	5	91
17	25	35
86	17	96
37	15	94
96	6	50
89	3	58
91	7	108
128	21	7
76	6	39
90	8	51
122	1	29
70	19	40
50	10	66
29	12	18
41	21	90
63	7	50
132	14	26
40	2	103
79	3	89
40	6	85
17	3	58
77	29	94
52	1	7
115	15	16
84	12	29
89	6	50
50	6	103
8	16	18
39	3	104
9	24	72
70	14	108
0	2	46
120	5	75
122	4	73
77	17	50
125	2	32
85	12	108
97	5	17
89	6	85
91	14	58
128	4	0
105	5	15
108	3	53
123	4	104
102	5	91
102	2	46
99	6	47
99	6	68
79	2	32
19	39	54
39	17	97
26	0	85
4	2	107
79	3	103
24	5	43
77	17	58
58	3	109
84	3	40
10	18	29
37	0	120
84	10	48
7	0	131
72	4	50
100	3	53
29	12	53
60	4	103
54	16	12
50	1	96
54	16	109
87	15	16
66	7	14
104	32	64
4	3	85
121	34	86
85	12	84
43	19	0
66	14	85
64	3	96
28	13	108
119	15	94
103	3	40
58	3	130
89	12	84
29	3	67
66	7	108
29	6	7
129	0	0
14	12	11
15	3	96
22	2	46
64	4	90
50	12	9
2	32	128
103	6	106
50	1	73
79	3	40
42	4	7
125	5	91
70	14	45
50	12	90
100	13	85
40	13	7
56	5	120
15	14	85
131	0	115
28	12	9
48	2	107
50	3	108
14	3	3
8	2	46
103	12	53
85	6	106
121	0	86
90	8	104
0	6	39
84	12	50
99	6	85
39	33	105
58	3	6
115	7	29
39	4	84
29	6	89
103	3	130
0	2	8
34	26	98
32	3	100
132	3	40
10	7	90
115	7	96
99	15	94
90	12	14
26	16	12
37	3	85
81	2	107
129	0	87
10	7	58
48	2	126
131	5	6
32	2	107
75	5	53
103	6	108
104	10	83
7	1	14
77	3	14
90	6	39
115	19	50
44	5	71
118	29	94
86	17	132
90	1	73
46	15	94
116	15	94
129	0	58
103	12	3
103	15	94
37	3	67
39	9	10
86	17	114
40	12	120
50	3	87
26	16	120
92	2	126
39	17	50
96	3	75
129	0	96
39	28	66
90	3	50
31	3	90
20	0	103
74	2	30
29	12	87
63	19	7
24	5	44
59	4	7
100	3	103
108	12	75
47	6	29
4	5	15
83	21	40
77	4	103
102	5	4
109	0	115
84	6	96
70	2	30
63	14	26
15	3	84
101	34	77
41	2	107
37	3	120
56	0	66
95	29	16
76	30	108
87	3	100
111	9	33
58	10	91
14	3	50
115	15	94
7	1	40
87	12	50
58	3	9
50	12	18
59	2	124
51	2	36
90	12	50
34	26	12
28	12	98
61	32	95
10	15	16
13	4	104
118	17	108
15	25	35
77	4	0
22	31	102
27	3	28
90	10	91
64	15	16
91	2	46
63	19	103
26	16	129
10	21	29
79	3	58
29	12	100
76	20	103
14	12	3
76	1	50
6	2	98
78	2	36
132	14	45
17	5	66
39	4	7
103	12	14
96	12	108
48	7	73
106	6	58
66	14	96
14	3	11
76	22	58
67	15	16
90	10	15
48	3	96
6	5	67
40	7	37
105	3	84
51	5	104
111	23	84
79	2	97
29	6	14
63	3	100
106	2	49
32	3	90
51	5	61
10	7	103
7	6	68
75	19	90
70	7	58
40	3	29
100	3	120
77	2	64
108	6	84
62	26	2
39	17	44
87	12	90
13	2	1
43	19	7
64	3	108
21	0	37
57	10	4
32	2	46
94	15	16
105	7	29
73	6	50
118	17	127
106	6	47
128	21	84
102	3	108
108	12	9
20	0	84
122	23	103
47	6	68
61	32	72
102	2	30
56	0	115
76	30	22
37	3	53
99	26	117
77	28	97
0	1	85
131	5	98
131	19	103
91	5	115
58	3	12
73	6	64
68	6	58
58	6	40
128	3	108
92	3	40
29	1	87
37	6	39
92	19	103
3	0	115
103	12	89
23	2	36
68	6	7
111	5	2
84	6	128
27	0	39
76	30	28
73	6	14
29	6	85
37	6	0
91	14	45
29	2	14
90	6	14
28	3	99
95	4	50
82	19	50
77	33	74
57	10	79
131	0	48
100	6	108
128	21	73
116	3	110
27	3	100
96	3	84
22	19	37
111	23	90
45	0	120
77	17	71
108	6	50
29	3	18
59	6	85
4	19	73
14	3	103
55	6	85
110	9	116
15	2	30
31	3	85
86	17	90
100	10	115
19	0	50
72	4	34
85	3	103
63	15	16
10	18	50
10	3	108
58	6	29
70	5	115
28	3	98
129	16	109
90	12	84
129	16	130
103	6	84
7	1	103
44	3	84
109	5	12
3	2	98
64	3	50
15	5	132
92	3	90
111	32	1
110	10	33
96	3	117
89	6	58
105	15	94
111	10	82
68	6	90
31	2	126
40	12	89
32	3	28
118	17	10
39	17	114
83	18	103
29	12	6
66	5	48
26	0	40
27	0	7
87	2	108
0	16	3
51	32	128
8	0	56
53	24	123
90	3	3
66	7	29
20	11	21
90	3	100
40	3	6
12	2	98
87	12	56
2	2	46
27	0	37
90	13	29
84	3	75
21	36	22
117	2	130
131	2	107
131	2	98
70	7	90
50	10	15
74	3	14
84	1	96
58	6	106
8	2	107
40	3	131
84	4	90
39	28	15
48	3	90
97	5	115
2	32	80
114	30	108
76	20	58
50	6	89
119	19	7
0	16	67
14	10	132
72	4	37
113	15	16
29	3	75
76	1	100
57	10	115
84	8	51
100	3	3
67	2	130
44	3	40
73	6	58
39	17	132
0	6	128
58	3	50
7	0	29
28	2	106
10	23	103
108	3	89
96	12	14
23	2	69
63	19	40
108	3	81
48	14	58
103	6	64
103	1	96
73	14	28
97	15	16
15	14	100
45	16	130
48	7	96
58	12	75
103	12	40
104	9	116
103	6	7
39	17	102
124	2	46
90	4	99
17	3	84
110	24	123
48	5	115
84	7	7
112	0	118
84	3	130
84	12	11
17	3	40
99	1	58
44	3	50
70	19	90
4	5	105
83	21	29
105	18	50
30	2	126
108	6	87
128	18	103
28	2	89
96	12	84
50	7	84
92	5	43
87	8	127
57	0	131
7	3	53
0	16	56
87	6	28
77	3	29
37	0	103
125	3	29
63	3	58
52	1	108
39	4	50
45	0	96
52	22	85
121	2	36
86	2	1
14	3	58
14	3	12
120	5	53
117	2	9
90	3	131
29	3	28
21	16	20
96	12	56
85	3	109
105	18	84
125	2	97
77	17	84
27	16	120
28	8	127
66	3	100
103	1	28
85	3	100
40	8	2
84	8	61
102	19	29
115	19	29
20	0	131
54	0	84
97	19	0
110	10	41
10	21	0
41	2	46
29	12	28
105	14	87
44	19	29
106	6	103
90	3	85
29	15	16
105	14	129
10	7	96
50	12	40
77	23	29
130	2	46
29	12	3
27	2	46
122	1	40
79	5	125
39	33	22
64	2	95
104	32	72
97	5	70
6	5	18
74	3	29
32	19	90
85	13	87
20	0	85
120	5	117
48	7	108
105	14	54
84	8	40
56	5	98
29	10	91
50	6	87
50	6	85
76	1	40
52	1	85
27	0	28
66	14	26
29	1	84
90	6	89
28	10	132
121	27	104
90	12	67
29	15	94
45	16	18
24	19	0
40	6	123
28	3	3
100	12	6
105	7	103
13	4	59
115	19	37
87	3	131
76	30	92
103	3	117
85	13	108
40	15	16
130	15	16
58	3	3
84	12	67
7	8	2
0	6	58
96	6	7
100	12	98
108	12	14
39	2	64
85	3	9
20	37	129
123	6	85
96	8	127
102	15	16
50	3	58
70	20	84
56	19	84
100	6	89
45	16	12
101	2	36
83	19	0
7	1	58
98	2	46
77	3	96
76	22	50
100	3	75
12	5	18
77	28	85
91	3	29
2	32	72
66	14	108
44	5	91
10	5	17
125	19	37
118	17	87
103	1	85
92	5	132
71	19	50
90	12	96
54	10	24
114	2	46
0	0	131
37	6	96
91	7	96
108	12	67
96	3	87
27	2	8
63	19	37
51	10	82
58	3	103
21	15	16
132	7	84
4	2	97
71	3	90
20	10	4
44	2	126
47	6	84
9	5	117
110	32	38
77	33	17
73	6	87
14	12	89
73	14	108
27	0	128
111	5	110
132	5	70
70	20	29
29	7	7
72	3	123
74	19	40
37	2	46
0	6	106
56	0	132
51	32	38
40	4	34
52	1	28
40	12	100
7	0	12
90	12	6
66	2	46
61	15	16
4	19	40
40	4	103
32	5	63
118	17	22
92	3	29
81	5	11
100	15	16
26	10	97
5	2	46
85	3	6
29	6	90
109	0	48
48	2	15
30	19	50
84	8	111
19	15	94
56	5	12
85	6	84
40	12	84
76	13	52
29	12	96
84	6	13
40	4	50
47	2	68
10	7	108
79	5	63
22	19	103
118	17	66
96	6	29
18	2	46
123	3	85
42	2	1
85	10	22
90	12	131
63	19	0
103	8	73
85	2	106
29	7	84
7	15	94
103	13	73
122	4	0
106	6	28
87	3	28
10	7	40
84	4	50
66	3	85
84	1	103
40	1	108
29	6	84
93	2	69
68	6	47
47	6	73
110	32	86
57	16	98
37	16	67
90	2	89
48	7	50
31	5	15
63	3	28
21	2	46
52	4	103
21	0	100
39	17	24
42	4	84
102	5	132
26	15	16
121	15	16
103	2	106
118	17	125
84	6	29
96	8	85
111	5	104
37	16	117
129	10	115
17	3	14
26	10	22
10	19	73
100	12	81
26	36	22
27	0	84
110	4	40
100	12	87
14	3	85
24	25	35
70	19	37
40	12	12
77	17	74
119	2	107
87	12	29
10	19	37
86	4	7
48	3	50
7	6	14
125	5	31
43	5	74
63	3	40
90	12	9
103	8	104
87	12	3
24	5	63
72	3	85
57	10	132
40	12	75
15	7	28
82	19	7
4	5	24
129	0	7
24	3	40
107	2	46
30	19	29
2	32	118
10	14	108
85	6	58
50	13	103
79	19	73
7	3	75
76	15	16
14	12	81
73	6	103
63	14	100
24	5	31
7	16	75
19	0	14
44	19	73
50	12	81
108	12	131
32	3	58
19	0	29
26	0	73
108	10	48
50	1	29
91	7	50
92	5	44
77	28	103
14	3	75
103	13	37
82	19	90
89	6	37
57	16	120
32	19	73
34	1	108
50	6	128
41	36	35
39	33	70
84	12	117
86	17	105
115	3	103
50	6	68
92	5	66
105	18	90
90	12	108
122	23	29
111	10	119
58	6	89
112	34	77
47	6	106
40	3	85
34	1	96
28	12	85
48	4	131
122	23	0
2	10	82
58	3	117
84	10	15
43	19	73
115	19	73
58	6	68
86	2	49
72	4	99
3	5	56
84	6	87
79	2	46
24	3	108
37	1	29
76	22	108
7	16	67
74	3	90
14	10	115
84	3	98
17	3	29
101	34	64
40	6	90
12	5	6
76	30	115
73	8	111
96	39	127
100	6	85
128	9	105
78	15	16
96	12	29
48	5	132
121	10	33
72	15	94
39	17	10
76	22	14
84	6	103
105	21	40
54	10	115
92	3	58
121	10	116
91	3	85
115	2	30
48	7	29
6	2	130
89	3	40
70	7	0
0	16	81
97	19	7
24	5	115
96	12	120
87	3	3
15	7	96
20	16	117
54	10	79
32	3	103
112	34	64
103	12	100
15	19	40
91	5	71
28	15	16
128	18	84
122	22	103
22	25	35
39	28	17
12	19	84
77	17	108
48	14	20
22	31	24
63	15	94
113	2	36
110	2	61
4	3	14
26	0	29
125	3	87
96	3	56
14	6	7
128	3	40
54	10	125
96	12	117
0	16	75
83	2	46
37	4	34
53	5	11
122	23	84
105	14	85
66	7	28
129	2	46
26	16	117
56	15	16
34	6	29
63	14	58
50	7	29
56	5	130
14	3	56
34	4	99
26	16	56
48	15	16
128	7	96
111	2	36
127	15	16
100	13	58
102	15	94
31	5	48
58	12	56
115	14	100
132	3	103
48	3	108
14	3	100
111	9	83
50	3	117
50	3	131
104	24	123
109	5	117
79	3	87
39	3	85
117	5	67
97	19	73
37	16	98
70	19	29
19	0	39
71	15	94
43	3	90
108	3	131
29	12	84
40	3	87
14	3	6
131	5	18
132	14	129
48	3	85
90	6	13
0	6	14
96	3	89
14	12	84
77	4	73
113	22	64
51	32	77
7	4	34
8	16	81
103	8	40
10	3	96
40	6	37
27	0	14
96	3	34
129	10	91
128	7	14
10	14	54
73	6	77
41	15	16
28	6	58
97	5	15
15	7	14
121	34	60
109	0	70
77	17	90
7	3	67
37	6	106
58	12	130
75	19	103
10	3	100
14	12	131
128	4	103
56	5	11
2	10	41
100	3	98
125	2	30
108	3	56
84	8	110
103	7	50
7	6	96
10	7	85
102	5	31
129	10	43
84	15	16
59	2	46
50	7	103
19	0	128
77	33	91
74	5	132
118	17	97
92	3	50
100	3	9
21	0	58
100	12	9
66	3	87
77	23	103
91	14	85
32	5	102
15	4	131
96	2	14
40	15	94
74	3	58
101	0	42
103	3	14
70	20	50
76	1	87
128	4	40
50	13	37
28	12	87
84	3	14
122	22	34
132	4	131
85	10	15
33	15	16
102	25	35
0	3	109
125	2	79
27	16	53
79	3	90
132	7	29
108	10	15
96	3	12
74	5	17
77	17	15
75	5	81
10	7	50
27	0	120
86	15	94
29	1	73
70	3	58
26	16	130
29	1	103
76	1	73
92	15	16
71	15	16
57	16	3
77	28	58
76	22	103
111	9	41
90	7	29
115	14	96
96	3	11
28	12	56
39	23	73
52	22	34
128	15	16
70	2	46
34	6	103
77	28	66
30	3	84
24	3	85
29	12	67
85	12	58
84	10	22
118	4	84
102	3	89
43	5	132
40	12	9
76	30	24
73	8	104
108	15	94
32	3	14
50	7	37
15	7	85
14	3	131
51	9	82
26	16	98
44	5	17
19	2	69
119	19	37
90	10	129
10	3	85
29	10	15
10	23	50
16	2	36
115	5	71
104	9	83
100	12	50
125	19	50
111	9	116
114	30	87
103	8	51
123	4	61
20	38	21
54	10	102
29	6	72
100	39	127
22	2	126
114	30	25
7	6	73
114	30	93
91	5	70
110	32	64
128	2	49
112	0	77
96	12	100
70	14	54
39	28	132
72	4	90
90	3	14
96	12	75
77	3	58
50	12	14
14	6	87
89	6	47
85	12	117
91	14	26
10	23	90
7	7	37
70	7	96
44	5	105
30	3	100
13	4	34
73	7	29
17	5	91
29	13	50
77	17	24
91	5	132
110	9	35
15	7	0
91	7	84
100	12	53
128	7	85
118	17	114
66	19	103
28	12	11
73	7	103
13	4	99
52	1	84
108	6	29
99	26	75
47	6	108
74	19	37
21	0	50
100	12	90
20	0	96
61	10	41
63	7	58
111	32	72
118	17	99
27	3	87
24	3	103
0	6	29
113	22	1
20	0	12
115	3	28
3	5	6
40	3	120
80	15	16
17	19	50
104	2	36
83	21	84
129	16	9
104	10	33
116	3	112
113	22	86
34	6	106
32	3	29
54	10	48
30	15	16
26	2	8
10	21	122
89	12	50
14	6	37
19	0	0
74	2	126
125	19	90
57	0	100
103	3	50
47	6	0
91	19	84
98	2	107
24	3	28
39	28	97
87	6	7
4	3	87
85	12	6
132	7	14
31	2	46
39	17	85
85	6	87
0	0	103
92	5	79
89	6	73
92	5	115
85	6	72
24	2	32
40	3	90
66	3	29
40	6	108
90	6	50
24	3	100
84	13	37
41	19	0
61	9	116
76	30	74
0	1	14
108	3	75
132	19	103
85	2	14
27	16	98
28	6	87
92	2	32
132	14	87
55	2	69
29	7	73
37	16	18
112	0	64
58	10	115
0	1	40
75	15	94
24	5	74
29	12	117
57	10	15
39	15	16
48	7	7
90	3	96
28	3	40
0	15	16
113	22	95
109	5	11
76	22	40
13	4	61
17	19	40
70	7	100
89	3	28
123	4	16
20	0	128
2	10	116
34	6	100
63	3	84
87	3	53
132	5	115
52	4	7
89	6	14
44	15	94
87	6	37
6	5	81
15	14	58
114	30	124
83	19	73
15	3	100
97	3	90
129	0	90
48	19	84
43	3	40
128	29	94
90	2	103
65	27	104
2	32	95
15	5	63
66	7	96
40	10	22
7	3	56
122	23	7
45	16	3
76	30	15
14	6	84
103	6	40
90	12	117
105	14	58
98	15	16
0	0	12
90	12	103
122	23	90
7	6	90
129	16	67
103	3	98
29	6	123
122	22	99
57	0	90
7	8	104
12	2	107
74	15	94
129	37	21
31	25	35
54	0	120
5	15	16
87	3	130
39	17	40
120	5	11
39	17	34
31	19	7
108	12	12
20	15	16
74	5	15
85	6	108
96	12	3
17	2	46
14	15	94
10	5	48
84	2	106
127	6	85
19	0	87
61	32	39
87	12	14
112	34	39
8	16	6
96	3	103
18	2	98
40	6	72
27	16	18
0	6	96
8	0	131
52	22	108
39	28	43
28	10	91
40	10	15
43	3	87
40	3	28
110	4	73
84	6	37
100	3	89
15	14	129
58	10	27
105	7	108
12	5	75
32	3	40
91	2	107
0	16	53
91	5	30
13	6	85
24	19	84
89	6	103
85	10	115
83	19	90
27	16	26
61	10	119
49	15	94
87	13	58
87	3	50
84	3	89
85	3	99
108	3	100
110	4	37
27	10	70
64	3	103
32	5	115
31	19	40
100	3	85
43	19	40
79	19	29
34	6	108
77	28	17
13	4	2
20	41	129
96	10	115
28	3	130
42	4	103
35	19	103
26	10	43
90	12	75
9	5	18
70	14	58
52	4	84
101	34	39
40	3	18
41	21	0
79	19	0
39	17	99
4	5	132
104	15	16
89	3	50
77	3	90
39	17	79
70	5	63
77	28	71
118	17	91
100	8	127
45	0	56
106	6	40
27	0	56
115	14	45
7	3	130
90	13	0
91	7	0
90	4	103
48	7	40
7	16	6
76	22	96
77	28	48
39	17	127
96	3	99
44	3	29
27	0	50
48	7	0
39	4	40
23	39	54
26	0	56
132	14	54
118	17	14
17	2	30
90	8	40
53	24	72
29	3	53
68	6	37
72	4	40
37	16	109
58	3	75
87	2	89
112	34	86
48	15	94
32	5	97
117	24	13
73	6	68
102	5	70
103	1	108
37	6	73
51	32	118
96	3	18
105	14	20
26	10	4
60	4	29
66	5	71
102	5	115
19	6	85
77	28	125
50	3	84
117	5	81
76	22	87
39	17	103
74	2	46
66	14	129
57	0	84
14	3	109
120	15	16
58	3	85
40	8	110
115	14	108
87	12	58
14	3	87
40	12	109
37	3	11
32	5	125
87	6	90
39	17	71
51	2	61
4	19	37
73	14	129
114	30	88
131	5	130
129	0	21
9	2	107
63	3	85
90	3	29
105	7	96
112	0	86
39	28	4
65	34	128
15	19	84
45	0	40
102	3	84
7	3	85
48	7	85
58	15	16
89	6	7
97	5	105
22	19	50
2	32	60
113	15	94
121	34	64
19	0	108
91	14	54
64	4	103
0	7	7
7	6	87
86	17	14
64	3	28
120	5	12
105	21	29
76	6	77
125	2	126
87	10	15
70	7	40
55	2	36
91	7	100
17	19	84
86	4	50
50	6	90
27	36	22
77	17	70
41	15	94
102	5	105
86	4	37
15	5	66
77	28	15
75	5	98
87	3	58
62	26	51
103	12	18
58	12	131
109	0	15
123	15	94
30	3	108
0	3	131
48	5	63
84	12	9
37	8	61
104	32	77
51	32	80
90	3	9
125	5	70
105	14	27
100	3	96
