29	3	61
82	0	73
21	15	104
130	7	100
97	14	108
114	4	90
26	4	2
17	3	23
50	3	27
54	10	107
86	8	51
48	9	116
130	5	23
98	0	128
40	5	11
7	3	122
47	6	8
84	13	107
60	4	108
103	7	109
57	5	10
109	17	22
60	26	104
96	16	67
51	3	109
77	3	43
130	14	20
37	1	92
58	1	58
46	15	104
33	5	71
99	26	43
48	19	51
71	2	100
104	9	109
31	3	119
37	6	22
40	1	6
15	3	37
6	3	90
106	3	14
86	17	37
96	3	60
8	1	29
105	23	95
48	3	102
59	2	85
54	0	110
34	30	91
62	6	89
37	8	16
89	2	46
106	15	9
86	17	104
45	0	6
14	2	52
29	7	4
73	0	28
10	8	2
90	14	87
39	17	6
74	6	68
0	3	37
56	17	103
95	12	130
107	3	29
1	7	96
120	5	16
24	16	117
30	5	67
29	6	44
54	1	29
114	3	117
11	0	85
86	19	0
88	6	29
57	3	17
77	3	16
34	26	54
81	5	31
121	15	18
45	3	98
131	3	89
57	39	54
70	7	33
102	3	115
129	2	49
90	19	50
25	3	109
90	12	7
27	10	2
99	33	30
28	3	72
29	12	127
0	6	80
68	25	35
125	5	47
83	5	91
67	4	40
33	3	6
92	16	81
51	5	30
60	6	28
69	4	50
58	19	29
48	7	69
96	0	66
99	19	103
118	6	7
19	3	28
78	24	72
105	10	70
45	2	36
14	4	37
24	3	32
58	3	79
122	6	68
105	12	131
125	19	87
72	6	116
9	10	116
75	3	85
58	3	37
31	8	110
121	3	56
100	14	58
124	7	28
108	6	64
85	3	104
86	3	120
118	22	87
2	3	130
21	4	40
15	14	101
20	16	1
117	5	12
3	12	81
37	19	7
78	7	96
82	19	100
75	4	7
9	5	115
19	16	130
31	5	9
52	1	88
10	19	122
93	3	28
8	3	40
16	30	43
64	3	99
114	8	90
108	3	104
58	6	20
120	4	37
26	0	97
17	12	58
97	19	27
7	22	58
51	24	4
72	6	84
106	2	36
103	6	66
89	5	43
35	18	90
102	3	32
108	3	19
119	10	41
121	4	50
86	17	57
95	29	112
47	0	96
28	12	132
40	15	88
21	4	103
38	16	131
42	4	14
0	6	43
122	8	61
21	17	115
62	26	0
97	2	70
11	6	50
122	3	85
81	15	54
0	4	40
28	6	53
4	25	33
32	5	23
23	6	37
77	3	15
69	3	85
77	41	22
132	14	32
63	2	15
60	4	118
70	2	101
28	12	60
15	2	130
86	21	73
112	2	29
108	8	104
52	22	70
90	7	124
115	14	32
51	8	90
118	29	92
10	14	40
21	12	9
71	0	120
84	6	102
72	3	58
17	6	87
82	19	39
122	22	97
39	16	56
53	6	89
82	19	8
91	7	128
57	3	15
100	3	104
51	3	6
4	2	69
55	1	100
84	6	121
20	10	11
29	7	91
99	6	71
79	3	22
85	6	101
132	5	44
89	6	8
90	3	15
20	10	94
6	15	21
102	6	68
39	3	35
6	2	60
74	16	117
70	5	91
120	16	81
29	3	49
37	17	85
103	12	57
103	5	63
129	17	10
34	30	11
100	12	65
103	10	99
10	3	130
131	14	27
95	4	53
121	3	75
102	3	20
84	6	43
62	4	61
55	8	40
127	39	39
98	7	7
14	12	37
14	2	100
87	6	60
4	3	56
124	5	66
19	5	10
49	2	95
28	3	63
108	6	109
40	3	78
50	2	32
20	16	23
33	17	43
43	3	127
20	0	54
91	19	100
109	2	58
8	6	13
19	0	62
32	7	58
58	26	3
87	8	128
91	3	3
111	19	103
40	8	62
77	23	106
126	3	103
98	1	108
77	12	9
94	2	98
19	2	58
3	12	84
64	30	108
89	2	107
77	23	97
29	3	51
67	5	30
51	3	50
19	4	73
54	23	84
108	12	72
84	6	82
86	17	82
64	29	98
9	2	23
89	12	131
114	2	62
105	21	130
47	6	72
127	6	47
14	42	16
82	12	14
109	3	40
68	17	96
31	5	112
104	32	104
69	21	37
28	19	40
35	12	58
77	4	105
40	6	31
97	15	131
118	17	107
76	20	51
73	30	108
107	5	48
85	19	37
33	15	76
114	3	28
97	1	50
104	10	15
121	10	66
0	12	67
123	3	53
85	2	52
66	14	12
57	16	52
122	1	79
17	6	39
93	19	29
79	12	96
105	5	69
17	3	69
50	12	45
97	0	14
69	15	80
103	5	98
96	32	72
25	6	14
85	6	74
53	17	63
40	12	4
27	0	49
3	12	56
49	0	21
13	4	3
70	3	5
110	16	3
46	5	66
66	15	107
54	17	114
81	14	96
71	1	103
87	6	25
71	19	93
70	39	23
90	6	62
57	15	43
89	3	91
79	3	131
46	0	90
67	3	100
1	12	12
32	25	18
48	0	131
25	3	103
97	3	62
32	3	13
67	39	54
122	23	17
79	2	82
71	3	73
122	1	51
92	0	29
90	12	93
21	7	58
41	2	69
18	3	87
7	15	103
7	6	80
37	3	88
90	3	61
17	5	98
80	19	50
27	15	128
104	10	65
47	3	112
29	21	84
103	0	37
56	3	18
78	6	85
12	2	122
63	0	77
58	6	76
17	15	3
51	9	31
91	3	130
37	3	40
130	5	130
108	5	98
100	2	46
74	5	131
50	12	27
127	7	29
50	6	23
76	6	37
46	19	0
123	3	89
1	2	107
76	1	121
105	7	88
95	3	89
79	3	80
4	14	57
113	0	90
126	19	81
10	19	10
44	6	90
94	6	73
61	32	8
115	19	89
13	7	14
32	24	72
41	19	46
75	2	15
41	18	86
125	3	34
44	5	125
96	3	118
132	2	49
102	3	113
39	23	107
21	36	26
7	5	74
112	10	43
32	19	121
46	1	100
88	6	56
10	3	56
56	9	35
119	0	85
19	0	54
131	5	63
78	16	130
70	1	0
36	16	56
13	16	131
1	0	15
39	3	121
102	5	18
86	25	35
84	17	100
45	0	129
31	6	68
115	1	28
131	6	0
109	0	125
10	0	21
62	3	90
53	10	33
21	3	28
17	5	84
19	15	59
3	3	100
58	33	4
84	6	117
73	6	82
35	1	28
80	6	40
30	26	9
80	8	2
97	16	75
115	16	75
26	2	59
92	12	131
2	6	29
44	19	19
132	14	62
0	32	72
87	6	88
59	3	9
93	5	132
101	14	58
115	5	82
120	19	94
57	26	117
121	3	103
66	7	75
5	19	29
73	15	74
36	5	31
25	1	28
4	5	87
90	12	31
50	8	6
38	12	100
92	17	28
21	0	35
81	12	75
68	24	72
85	12	39
121	0	66
126	5	48
122	1	24
24	5	25
114	12	53
51	13	108
101	19	50
43	5	75
105	3	6
9	15	12
50	19	50
128	17	4
81	19	7
65	0	15
63	12	81
100	3	94
1	4	0
51	9	75
108	6	70
29	10	24
91	21	73
73	12	75
94	15	13
5	3	87
108	2	36
121	12	98
12	5	73
132	7	34
80	3	84
70	5	46
39	17	55
105	2	89
12	2	130
65	0	62
39	0	103
85	17	99
92	21	37
15	6	28
121	16	11
22	19	109
128	7	79
44	5	121
88	15	79
103	6	122
61	9	54
22	3	11
102	5	27
3	3	87
98	4	0
116	3	89
132	2	51
49	17	34
60	3	56
13	17	114
91	3	64
112	4	34
21	14	20
121	0	131
43	3	56
40	5	74
23	2	70
44	15	118
29	7	108
50	10	85
113	3	108
109	3	28
78	16	56
40	13	4
12	17	58
45	19	103
33	10	4
72	6	73
82	3	90
32	2	14
29	4	131
97	3	117
11	7	0
10	14	124
91	5	101
70	14	47
29	10	108
7	6	120
75	7	108
97	12	109
10	21	15
79	19	105
58	12	46
105	3	11
26	3	98
6	5	17
53	2	116
81	8	84
10	15	33
51	2	30
128	9	16
43	2	110
46	14	26
90	12	10
95	16	3
100	2	120
74	5	102
87	2	103
36	6	37
34	26	40
46	14	100
23	19	103
73	14	21
31	19	17
13	3	58
106	6	13
44	19	107
5	2	79
89	3	32
90	7	32
96	12	95
113	1	103
87	6	34
39	33	6
103	3	77
32	19	119
23	3	3
103	3	21
37	5	70
40	3	1
87	6	81
24	19	126
73	6	16
53	3	50
100	12	52
57	16	8
7	3	15
50	22	38
91	3	63
27	17	17
103	6	78
62	5	67
83	18	110
8	14	45
90	12	34
77	17	94
8	5	48
95	26	53
95	3	120
40	12	72
50	8	96
70	20	130
37	6	6
49	15	126
43	3	8
105	32	80
24	12	108
27	5	30
75	6	77
52	1	124
43	3	51
97	13	108
70	3	114
84	12	70
45	14	26
39	3	9
83	2	94
21	19	29
34	10	33
58	1	37
13	4	66
19	0	26
53	17	103
75	3	13
80	1	85
40	6	109
7	0	130
20	0	9
38	15	125
97	3	53
13	16	120
111	5	10
0	3	105
77	0	132
113	22	19
71	9	33
79	3	13
121	12	28
120	0	13
37	0	14
4	3	25
73	14	53
96	15	64
43	3	1
97	3	13
77	28	11
17	19	110
91	12	84
51	4	50
57	0	86
102	5	34
127	2	15
92	5	29
111	24	37
87	1	58
95	15	128
98	14	108
51	32	88
64	12	56
87	23	29
101	14	129
100	0	0
15	2	54
61	14	28
84	3	19
47	6	120
38	5	131
51	32	71
0	5	115
92	3	26
3	2	50
122	5	81
58	6	2
132	3	43
63	14	0
111	10	65
63	14	30
64	19	7
119	32	128
57	26	67
91	8	2
62	10	91
55	5	130
83	19	20
85	6	12
73	6	105
27	3	81
0	6	74
27	3	62
1	7	103
77	2	126
39	17	47
69	2	107
12	4	2
129	16	69
37	6	30
0	3	15
102	3	8
106	3	90
70	32	77
89	14	87
22	31	35
4	12	67
127	3	58
51	16	6
123	12	18
131	12	130
132	19	55
2	17	71
110	9	99
6	30	79
57	16	42
62	26	130
129	16	19
15	16	129
100	6	122
97	2	29
79	2	101
27	15	10
48	14	18
71	16	18
19	6	73
13	22	58
64	25	35
45	2	108
59	6	100
39	5	67
78	3	100
102	19	46
2	24	99
72	4	91
77	17	47
78	5	15
77	4	27
109	2	49
10	34	87
41	17	103
125	5	24
109	5	16
109	5	63
65	34	52
18	3	90
130	21	29
84	13	116
71	17	28
94	14	57
107	6	96
3	5	23
130	2	89
90	6	56
22	7	0
17	12	28
28	3	52
14	3	123
132	2	14
20	15	62
8	33	15
58	3	59
43	33	79
10	7	123
77	28	27
83	5	48
0	10	97
93	3	29
61	12	58
2	33	105
41	8	110
87	6	38
76	0	131
14	6	63
10	2	92
12	3	14
45	3	85
28	9	119
92	10	48
116	19	90
70	3	132
85	2	60
90	2	33
4	1	90
120	19	62
14	4	29
128	12	67
120	32	86
58	6	63
57	0	126
60	4	98
83	3	103
24	2	67
58	3	49
129	10	52
24	7	90
122	21	122
74	3	26
57	2	100
118	17	21
25	8	111
131	19	91
119	19	95
10	5	128
91	7	89
114	2	70
88	3	100
131	19	0
79	15	96
70	7	123
106	15	114
37	18	29
127	5	12
99	30	32
77	17	119
4	19	4
65	34	106
91	7	59
96	13	73
7	6	32
17	5	88
114	30	94
118	17	69
111	4	99
96	3	128
15	6	40
79	3	4
67	19	7
49	30	124
29	3	80
2	32	74
103	5	4
105	21	66
83	19	106
70	29	77
121	0	132
87	3	107
109	17	71
99	12	130
22	41	43
100	15	40
89	5	15
5	41	26
104	12	131
131	6	37
39	0	131
14	30	58
76	20	123
112	34	19
38	4	9
8	34	64
18	15	14
2	9	6
109	3	14
86	17	1
89	6	25
10	7	11
14	3	30
20	38	54
2	5	66
58	10	63
50	12	77
49	2	130
38	28	66
99	26	10
66	7	106
56	0	63
34	19	73
72	32	77
11	12	81
4	19	35
119	2	63
13	13	73
22	0	85
50	3	32
99	6	17
43	6	58
15	19	65
0	2	32
60	12	11
61	3	90
74	5	120
48	3	98
102	2	73
110	10	132
27	2	64
118	0	84
17	16	6
14	12	129
29	15	63
29	3	74
129	41	81
40	6	45
41	14	85
70	20	8
118	4	33
68	6	4
89	6	132
25	7	85
14	0	27
40	2	107
34	6	86
51	5	91
13	1	40
96	3	132
40	0	86
47	2	101
8	19	0
30	3	31
107	14	58
100	12	44
73	3	72
6	19	37
71	5	115
122	19	29
8	16	47
125	3	46
84	10	96
58	12	32
47	8	2
115	14	1
58	3	0
54	12	84
93	6	7
57	3	53
78	3	109
15	17	85
73	4	23
84	6	107
40	4	110
19	2	81
50	12	34
77	19	0
37	16	112
11	14	20
89	6	99
26	16	118
84	12	84
114	1	90
59	2	49
107	7	40
17	5	77
83	12	90
100	6	35
66	7	27
73	15	30
67	5	15
39	6	100
61	32	45
92	5	86
62	6	106
120	3	67
120	19	16
96	10	28
75	33	92
37	2	36
22	19	15
103	3	91
20	11	1
31	19	46
28	12	124
76	30	14
110	3	14
64	17	14
40	34	118
95	14	54
44	3	41
128	6	85
78	19	73
5	7	0
125	3	67
7	6	79
86	2	93
29	7	127
68	6	105
48	19	43
49	22	84
54	5	125
0	6	49
103	3	111
8	10	41
118	4	47
59	7	73
123	19	0
11	6	28
53	5	69
52	12	40
76	30	75
132	7	59
62	3	3
13	22	99
93	14	54
84	15	33
80	9	35
105	14	116
4	0	84
92	3	80
132	7	9
107	16	98
22	3	58
29	1	77
63	7	129
29	1	130
88	1	100
87	17	87
90	5	63
39	33	3
50	7	63
52	15	60
2	2	107
132	12	67
91	7	68
65	0	59
54	10	31
128	7	123
106	6	95
77	17	3
91	3	0
54	0	70
35	5	75
106	3	100
107	9	82
43	2	13
22	3	28
30	3	82
30	2	69
45	10	66
80	6	96
49	3	34
42	23	73
40	2	44
69	3	13
29	3	25
55	33	17
1	3	67
32	5	96
84	4	59
7	8	54
67	32	95
63	0	118
46	10	70
44	3	92
105	3	127
84	8	9
122	6	85
45	16	94
122	7	84
40	2	46
52	17	24
70	14	125
55	5	66
28	6	110
100	13	93
28	2	36
76	4	42
43	33	44
72	15	68
88	16	53
72	12	3
27	36	36
131	16	81
130	15	5
76	2	60
47	4	103
66	2	1
43	19	42
115	17	105
61	1	40
63	7	34
71	12	87
52	10	70
37	13	73
100	15	106
73	1	96
32	3	64
49	12	50
88	16	130
132	26	57
0	6	98
128	9	128
82	3	14
130	0	0
98	19	90
68	7	90
6	3	85
104	1	14
93	5	117
105	26	120
14	3	41
53	2	14
66	3	99
10	14	75
65	39	23
79	6	47
21	2	107
2	9	40
85	24	13
112	3	11
79	5	11
91	0	14
96	34	42
19	3	3
45	16	37
124	5	10
26	0	2
13	3	120
39	9	71
28	12	102
90	6	70
82	6	87
32	19	49
131	12	28
105	7	19
4	5	68
118	17	126
44	19	111
24	19	117
124	10	92
92	5	45
21	12	3
20	30	102
81	6	28
97	12	11
29	12	24
124	3	18
107	6	108
90	12	19
115	15	91
70	12	3
37	3	110
16	10	125
64	19	50
24	16	131
84	6	42
108	8	37
32	2	38
5	2	97
76	30	16
29	13	122
15	7	117
63	14	64
128	35	20
82	3	99
59	7	37
2	12	131
27	4	50
111	15	35
123	23	103
60	4	23
19	12	18
64	14	54
17	3	129
115	3	91
23	39	41
58	3	51
57	16	89
44	3	130
126	5	63
37	16	73
39	17	38
47	15	53
7	3	93
105	23	100
97	3	9
76	30	127
98	4	34
4	2	55
128	4	25
73	6	115
114	4	37
40	10	43
32	6	73
88	2	73
15	16	131
115	7	99
58	10	43
35	2	131
84	33	74
103	3	69
110	3	28
22	10	79
52	6	123
44	4	40
54	10	65
8	15	27
78	15	20
119	2	30
97	5	25
122	33	132
40	4	121
132	2	34
50	2	107
99	6	2
0	17	15
90	15	72
70	7	52
50	4	23
116	17	99
110	2	98
40	32	60
8	4	84
123	5	15
12	12	90
111	25	35
88	10	119
48	3	130
48	7	132
76	22	98
40	3	73
28	12	94
10	21	116
99	5	105
119	19	38
121	5	11
116	3	122
95	12	28
58	15	19
58	32	13
38	3	103
0	19	50
59	3	14
93	8	110
34	14	58
14	16	18
29	6	33
7	16	25
122	1	70
120	0	53
57	0	75
41	19	69
100	12	54
44	2	75
92	14	87
77	28	65
76	22	39
93	9	35
55	2	31
23	15	115
65	34	10
58	5	105
34	0	37
123	2	128
116	3	28
68	1	28
111	13	7
70	3	76
18	20	40
115	14	103
85	3	101
92	19	89
6	6	47
103	21	103
33	26	120
73	7	86
50	6	122
34	15	65
30	2	125
4	15	0
31	19	20
66	10	115
90	3	123
37	3	125
97	15	13
104	6	29
19	2	14
89	3	8
29	6	92
52	22	112
45	0	109
121	6	100
111	27	127
78	0	86
34	23	103
77	17	45
16	0	12
59	6	73
92	19	17
20	29	39
129	16	122
87	4	40
110	32	49
83	3	100
103	10	95
11	1	84
89	12	132
79	5	7
49	8	61
31	3	56
97	5	8
120	0	31
28	19	84
50	16	81
40	5	30
46	17	87
38	15	121
42	12	50
48	3	43
100	8	90
122	2	57
48	5	35
55	15	24
98	2	32
107	2	107
105	19	12
50	3	7
29	12	1
34	6	56
44	5	111
12	4	90
127	2	106
0	4	120
93	2	104
40	3	116
89	2	44
17	19	115
79	8	110
129	15	30
40	3	31
75	3	90
7	3	132
12	19	73
108	3	43
125	5	61
92	3	72
99	2	78
65	0	90
53	21	7
11	2	61
70	3	128
1	17	96
72	4	100
83	6	96
103	8	82
29	7	114
107	12	50
77	17	33
132	17	43
42	6	58
32	2	89
80	2	22
105	6	100
115	7	119
127	12	87
66	33	30
101	10	91
48	14	40
31	5	123
29	22	90
63	17	89
61	32	26
118	30	71
92	24	123
108	6	69
35	5	105
69	19	40
90	3	13
130	6	13
39	3	119
109	28	90
50	15	46
100	13	122
80	12	117
105	18	32
16	17	22
125	3	104
77	5	75
77	0	108
77	17	23
90	3	92
84	3	128
10	4	29
132	19	5
111	23	110
81	10	79
105	2	101
127	6	77
26	16	57
111	10	60
59	4	22
66	2	84
44	3	78
108	2	124
29	10	93
72	0	128
118	17	60
40	1	131
24	3	12
24	3	126
11	1	58
38	24	72
3	0	104
26	28	105
67	1	84
13	29	16
90	2	28
6	3	28
67	17	102
30	19	27
128	29	82
120	0	45
103	1	49
70	3	2
131	6	47
8	2	14
50	3	36
43	2	34
23	2	39
108	10	59
55	2	13
91	2	61
21	5	44
58	6	34
13	6	37
115	3	46
122	22	72
37	3	45
123	4	11
109	24	72
101	13	50
6	15	70
104	15	67
96	17	29
108	3	13
24	18	90
38	19	90
79	12	9
91	7	3
128	7	37
129	3	29
64	4	78
48	7	41
39	29	75
16	3	120
115	7	111
69	10	115
77	28	77
10	6	0
36	22	1
88	17	97
108	1	37
29	6	51
32	3	19
103	3	104
92	5	42
11	7	58
122	7	0
79	19	126
106	3	108
15	21	40
122	22	81
86	6	68
64	3	79
79	14	129
77	28	67
43	20	50
44	5	61
91	6	29
29	12	124
56	5	35
114	2	49
122	5	11
93	15	109
15	19	70
10	7	83
112	0	17
28	33	24
131	2	8
17	3	109
112	5	18
131	5	110
30	19	71
59	3	96
31	19	106
14	6	54
57	7	103
51	10	92
91	3	95
19	32	64
81	18	40
96	28	70
4	7	7
43	3	12
48	14	119
93	2	106
76	30	55
45	0	57
88	3	108
5	15	72
57	10	80
28	6	74
73	21	29
65	19	37
22	3	14
29	3	17
87	3	51
130	5	30
120	4	111
64	26	3
21	0	47
7	4	29
50	12	127
59	5	43
28	6	109
129	36	127
98	16	53
118	6	87
112	2	95
41	33	48
131	0	71
20	10	77
27	16	66
130	7	29
39	9	70
114	5	17
87	3	37
10	3	18
3	5	63
42	0	37
103	12	25
104	32	67
14	2	36
63	6	103
32	3	53
40	4	124
92	6	40
5	4	34
40	7	110
77	33	73
84	6	5
48	23	84
130	2	36
76	3	53
50	7	115
79	6	39
3	3	34
40	0	7
97	19	107
122	32	42
15	7	8
24	15	27
39	12	3
29	6	22
107	0	85
66	7	12
104	32	78
2	15	128
122	14	28
117	10	125
87	3	5
111	0	131
123	6	119
52	10	15
3	14	45
102	6	37
53	24	66
87	3	87
2	9	131
76	10	41
121	10	115
60	6	84
78	6	40
18	1	58
112	34	29
66	8	61
112	15	22
69	3	58
44	17	34
62	26	68
45	17	50
25	3	56
30	12	56
97	3	57
131	19	73
74	3	57
53	3	99
24	19	118
103	8	14
54	0	32
8	6	85
100	10	125
16	10	22
55	2	106
13	3	81
128	6	84
85	14	100
45	16	4
90	6	80
28	6	59
125	19	66
28	13	116
36	12	53
7	15	58
37	7	85
116	32	60
84	12	124
131	15	71
58	12	48
62	26	63
57	16	32
103	4	118
40	2	78
78	6	37
55	19	103
69	7	100
35	24	13
117	6	40
14	10	4
68	12	117
103	1	48
66	19	20
64	3	81
39	28	114
21	10	70
96	2	46
91	5	45
0	8	94
125	22	118
90	6	76
2	6	108
51	9	117
51	6	73
15	15	126
52	22	120
89	3	112
26	3	108
13	19	73
4	3	101
15	14	25
47	3	109
64	7	50
26	2	21
21	6	106
35	5	117
61	12	67
37	0	57
59	32	39
0	18	29
44	2	61
82	7	84
65	3	103
41	19	6
19	2	1
44	10	115
124	3	96
117	2	95
18	18	40
0	15	109
74	19	115
56	0	17
24	5	13
13	3	14
128	3	113
118	3	50
85	4	90
73	8	101
95	12	131
29	2	126
77	2	40
50	8	89
73	32	38
3	3	90
20	2	98
34	3	90
33	3	85
131	12	53
105	3	101
33	0	84
0	3	104
14	3	83
27	10	100
37	16	132
119	5	24
3	3	109
84	2	46
54	10	82
131	3	84
40	3	114
95	3	85
75	18	103
51	32	113
50	12	21
85	3	8
91	7	88
76	15	18
20	0	76
40	13	83
87	3	32
82	19	23
15	14	3
10	5	34
66	5	27
52	19	73
108	6	71
60	15	116
40	1	81
11	12	28
28	13	113
32	19	36
18	2	15
100	21	37
102	6	103
32	7	50
78	17	74
113	6	108
65	15	85
22	3	75
62	6	47
45	19	40
22	7	85
14	1	14
15	3	12
54	12	96
43	2	118
59	15	91
29	8	108
86	17	83
24	32	42
58	10	90
87	19	7
55	4	7
104	10	99
39	17	20
20	19	29
99	0	28
39	17	54
108	6	126
55	12	120
132	16	6
18	0	90
37	1	45
14	12	23
87	3	102
89	12	53
54	4	0
38	7	84
15	2	6
56	5	60
8	10	15
110	15	84
39	33	89
15	3	36
95	2	36
28	12	39
108	2	2
121	3	50
82	13	103
57	3	50
4	7	108
41	3	28
38	3	50
105	18	26
9	12	85
77	28	75
74	4	50
3	15	62
23	0	40
41	4	50
115	7	67
77	15	125
94	3	28
100	3	61
34	6	4
43	15	14
117	12	130
129	12	109
79	3	71
96	12	48
103	7	51
14	3	5
0	1	23
89	13	73
119	7	96
58	12	116
28	3	80
0	6	3
18	2	126
40	7	77
14	12	77
7	3	40
47	2	1
33	3	108
1	16	3
69	10	35
54	34	95
117	17	14
65	15	63
64	10	82
127	5	81
93	31	125
65	12	67
12	15	53
0	12	87
73	14	46
17	12	14
45	5	130
72	1	47
75	26	111
31	19	89
40	12	107
117	4	84
52	22	126
80	6	73
125	12	117
67	5	81
28	12	79
92	3	81
19	0	115
12	0	122
50	12	118
41	19	124
42	3	89
71	12	108
90	3	10
82	26	117
80	5	63
25	23	0
41	16	18
13	1	130
70	14	6
79	6	103
30	3	12
11	2	31
87	30	58
27	10	76
28	3	64
43	28	70
116	17	115
26	15	93
77	17	54
77	10	22
66	7	34
7	6	36
2	9	32
70	7	102
9	4	40
29	12	52
36	1	100
128	0	0
5	26	30
74	3	131
7	16	47
91	19	65
111	27	43
95	4	39
95	17	71
17	9	83
8	7	90
19	12	12
104	5	132
114	9	35
58	10	111
64	13	58
84	3	48
4	5	102
27	3	131
117	17	32
96	7	73
121	10	51
39	28	82
84	1	122
9	7	0
32	12	117
79	2	9
17	3	4
30	3	17
68	3	99
69	39	25
118	6	96
89	3	27
10	18	73
79	2	103
53	4	0
12	3	120
58	5	132
39	33	126
103	2	68
5	3	67
76	14	100
119	18	73
128	7	52
89	16	130
115	12	14
30	2	120
82	2	132
125	2	125
44	2	78
50	24	13
96	6	75
24	10	91
40	12	25
111	32	105
114	30	14
15	19	8
16	32	80
66	6	87
118	3	87
37	6	132
12	8	110
60	15	17
38	16	3
130	10	22
106	6	63
79	5	75
68	3	3
80	3	28
42	30	132
31	19	101
50	6	124
31	5	49
98	34	118
121	19	29
40	1	38
112	3	14
1	5	115
58	6	42
57	16	2
127	3	29
90	8	108
83	41	129
38	2	107
7	2	117
37	6	116
17	0	40
128	3	42
110	16	98
118	10	115
51	0	56
92	6	96
126	14	26
7	6	91
13	3	27
32	19	58
40	4	73
76	6	5
8	7	85
73	3	40
36	17	22
51	6	0
15	7	101
77	33	94
89	19	40
81	32	42
94	3	96
61	15	131
27	16	93
28	12	2
84	6	57
46	5	24
15	10	22
40	13	124
90	8	47
8	2	81
107	5	31
11	17	102
69	1	87
100	6	88
12	9	82
69	1	29
87	6	114
106	2	30
92	3	79
96	6	128
39	28	69
110	3	100
18	32	123
16	2	79
66	3	1
15	3	10
131	3	6
84	0	85
40	12	38
27	5	98
100	12	64
54	16	59
105	19	33
85	12	125
19	37	16
21	2	86
65	0	28
102	5	101
52	2	9
32	5	88
29	5	91
96	28	71
29	8	68
103	6	81
105	14	18
90	15	129
112	2	56
45	2	49
84	19	103
68	17	108
43	2	15
88	0	39
18	24	28
93	3	75
29	12	4
20	10	104
8	3	75
43	6	0
113	3	87
126	6	39
115	14	113
28	6	114
74	5	6
49	19	0
127	3	84
87	6	79
114	30	71
29	10	89
77	33	121
5	3	85
14	3	45
76	30	89
50	7	10
107	7	96
0	16	16
66	3	67
50	3	30
132	3	124
55	12	117
102	2	3
72	6	7
15	7	59
128	7	46
37	6	55
100	3	57
66	7	22
50	5	104
103	12	8
118	17	8
64	19	37
20	5	6
11	2	2
87	6	91
119	13	7
118	5	115
100	6	123
81	22	85
89	3	116
53	14	108
111	3	103
48	7	4
0	25	35
7	0	65
46	3	40
46	4	16
99	0	70
17	10	48
68	21	40
5	3	96
6	24	124
21	0	77
51	5	31
5	12	9
88	19	90
100	10	55
45	12	58
120	3	90
119	10	70
129	16	4
40	6	33
66	3	112
83	19	83
7	6	71
58	3	16
70	14	77
86	33	91
33	7	28
41	5	117
93	3	50
12	34	39
59	6	40
122	7	14
92	3	30
74	5	51
129	10	32
35	20	58
35	4	103
65	0	116
66	14	106
129	19	40
103	22	87
121	5	30
83	12	53
31	1	85
82	6	0
29	2	1
80	16	109
73	2	32
64	4	23
64	4	54
48	7	101
116	8	51
79	3	32
47	16	20
83	23	103
106	5	63
108	12	63
99	6	3
74	15	85
22	19	13
87	6	76
84	12	92
49	1	103
87	5	66
120	5	56
99	6	110
50	21	50
59	13	122
76	30	69
82	8	51
131	17	43
102	22	100
19	16	75
15	3	82
91	2	5
10	14	67
102	12	96
65	0	130
85	6	111
102	0	73
58	15	78
19	0	53
18	2	97
30	7	7
7	16	42
130	1	85
60	16	11
85	3	24
50	6	49
42	24	123
36	3	53
104	10	48
39	15	15
118	17	36
110	24	80
127	39	2
25	12	50
74	2	49
76	3	14
28	2	7
11	3	56
32	3	10
35	6	40
9	6	47
116	19	73
105	21	88
123	4	12
71	3	3
99	3	67
112	6	50
102	5	49
71	3	94
96	4	7
52	1	1
29	12	82
5	5	61
103	12	46
56	5	102
96	3	92
131	0	16
103	6	71
58	12	51
43	15	9
87	12	4
17	3	132
128	3	11
52	4	107
104	16	18
3	0	93
57	16	76
13	7	58
28	3	121
53	5	114
4	12	120
16	2	107
128	2	107
0	12	120
96	3	63
128	9	54
0	1	82
2	4	0
43	3	105
81	19	0
128	4	94
49	37	21
110	9	72
86	17	64
96	12	88
87	4	0
70	20	60
3	19	90
11	19	37
50	2	46
40	12	32
77	17	72
50	1	63
128	7	99
37	6	13
102	15	103
103	3	121
10	7	44
28	2	63
106	3	103
97	19	41
23	16	12
76	13	29
103	8	105
6	2	67
28	10	67
40	2	8
51	6	90
24	3	98
111	3	29
84	7	68
46	3	87
18	6	39
7	10	115
56	11	21
71	3	104
40	12	0
122	4	14
43	3	120
63	7	4
95	15	39
77	0	50
34	6	17
74	14	28
41	2	113
35	10	79
42	4	100
57	2	15
129	10	109
27	0	124
56	0	50
61	6	47
86	3	40
90	6	122
39	23	43
50	1	98
121	7	84
10	10	116
109	5	106
97	7	50
28	3	15
95	4	12
75	15	96
19	6	106
27	16	82
132	7	38
132	3	55
7	6	56
37	16	92
106	6	74
126	15	19
18	6	100
25	5	17
131	3	14
107	6	128
40	3	5
38	3	75
56	0	130
17	7	85
67	2	12
131	5	106
80	16	18
75	36	129
100	10	110
116	3	14
37	6	41
74	14	20
64	4	41
115	12	96
36	7	73
44	28	29
111	32	21
14	15	40
132	12	6
12	19	123
113	22	37
11	3	90
67	15	120
34	10	4
126	10	22
116	12	98
83	6	72
9	10	91
48	32	123
76	30	20
111	5	87
130	14	45
72	3	88
34	6	65
100	1	29
57	10	64
5	5	66
78	19	90
123	19	84
28	6	18
97	3	7
110	4	66
58	3	17
128	21	119
76	22	25
130	3	9
120	5	132
91	10	70
84	6	2
70	14	32
111	1	90
30	17	125
124	2	88
18	32	60
84	2	128
109	0	7
3	0	80
116	2	48
41	0	40
74	3	24
64	16	98
25	6	89
78	19	7
90	6	2
108	3	108
42	14	26
14	12	119
42	3	96
67	4	84
102	25	57
58	7	84
113	15	76
89	6	21
41	15	128
35	19	70
25	19	90
38	6	100
117	2	65
85	19	0
74	5	118
123	7	40
115	7	26
117	7	37
26	2	61
54	18	50
105	0	84
68	6	63
43	3	30
29	6	69
5	5	91
84	1	34
78	3	50
2	15	119
3	15	39
118	12	18
76	1	6
7	3	26
18	6	85
38	4	93
83	5	12
88	14	129
127	7	108
0	1	131
20	34	128
12	15	112
114	30	3
77	23	56
63	14	4
68	3	18
114	0	91
47	3	29
111	2	108
55	6	96
84	3	45
10	3	48
104	12	75
34	13	58
21	14	54
14	3	68
96	3	104
8	3	130
123	3	34
107	3	108
43	19	51
61	32	106
29	12	15
36	3	58
35	3	61
101	30	96
52	22	45
82	22	39
98	3	100
25	19	50
46	14	58
98	2	95
6	4	99
26	0	89
20	11	31
127	10	91
45	7	37
26	3	12
108	8	90
70	19	123
31	19	78
26	20	29
2	2	92
0	3	57
48	4	109
18	17	31
96	6	22
108	12	4
39	33	95
26	0	27
103	2	46
27	16	95
119	3	100
84	6	115
122	4	100
122	23	62
86	17	46
102	14	85
21	1	96
90	1	53
69	2	8
62	6	90
63	3	35
64	3	9
42	0	128
3	25	35
41	2	97
105	14	36
95	4	76
63	3	115
48	8	51
70	7	82
21	0	51
39	1	28
95	6	28
10	14	79
1	5	44
71	25	38
0	2	82
20	14	26
91	19	9
3	5	30
101	6	37
64	10	83
8	14	100
83	18	104
79	17	31
29	3	8
93	15	13
34	26	97
27	12	6
121	3	81
118	15	119
57	21	40
90	2	31
119	0	60
41	3	108
27	13	58
58	19	40
51	3	53
85	19	103
5	5	130
27	16	112
78	2	107
42	17	24
57	0	15
72	4	22
97	6	68
71	3	22
37	7	90
110	2	111
87	12	115
74	19	123
36	8	111
65	4	50
96	5	71
74	3	98
67	22	108
20	10	126
29	12	72
82	6	108
73	6	126
11	6	85
42	14	96
82	3	108
77	28	52
32	12	29
110	4	16
109	12	53
117	16	18
115	5	52
109	0	60
39	28	99
80	10	91
126	5	4
6	6	90
108	12	122
0	2	13
69	7	0
49	6	90
3	5	40
58	12	74
45	6	84
119	19	23
104	15	39
76	34	77
120	3	87
52	6	58
83	15	90
120	5	48
82	15	96
28	12	20
0	6	4
50	12	74
99	1	40
22	5	132
0	8	117
126	6	47
27	3	98
112	17	90
9	5	1
70	7	18
17	19	11
84	4	98
103	12	97
96	12	62
68	21	37
64	5	48
57	15	39
103	6	32
49	16	117
17	5	101
55	4	37
73	6	125
10	7	31
26	3	6
22	14	20
132	25	131
33	3	40
29	6	52
7	21	37
24	12	14
28	12	126
68	19	37
2	10	81
27	16	71
2	32	105
105	5	121
7	3	125
80	17	100
92	15	6
57	30	87
12	5	15
72	5	98
39	28	80
91	14	95
70	3	97
95	2	46
108	3	83
20	0	123
106	6	22
14	12	126
74	2	9
91	3	114
0	10	70
116	17	14
46	12	89
89	12	71
75	2	126
74	5	37
71	1	84
29	6	70
33	2	35
25	3	11
128	14	87
40	12	1
54	19	84
44	3	33
29	16	81
76	20	54
97	8	73
82	10	132
31	25	59
22	7	7
7	16	44
4	5	46
32	5	83
100	10	36
88	7	14
98	4	51
48	19	60
18	3	72
108	19	50
10	3	9
17	5	27
52	3	18
20	0	22
76	20	10
12	5	99
68	12	90
71	15	87
89	12	3
76	1	104
34	13	7
8	12	14
47	2	107
21	0	6
40	10	81
66	3	36
43	19	2
43	0	85
121	6	108
44	19	61
87	3	25
90	8	112
130	24	23
36	20	84
86	17	93
56	1	90
96	6	118
86	29	67
51	10	38
117	39	127
55	3	58
84	8	54
62	2	30
8	16	124
81	6	77
112	2	107
129	12	28
29	8	67
50	3	19
13	21	90
86	4	98
66	4	84
103	15	79
24	2	61
94	34	60
94	17	17
117	15	28
4	5	1
90	12	123
120	17	40
88	19	29
75	28	84
37	0	31
103	12	32
85	4	40
131	3	90
82	12	89
71	19	14
111	27	96
132	7	105
32	32	13
128	29	32
19	12	58
10	3	51
58	6	93
59	16	6
99	30	123
6	5	80
92	35	129
70	3	11
99	6	67
76	2	15
10	2	94
16	5	79
129	0	105
28	12	8
5	2	9
82	12	12
85	4	7
56	1	40
86	2	48
92	12	6
112	3	89
112	3	108
91	19	83
20	16	15
125	19	32
29	3	66
65	6	14
12	0	37
105	3	106
42	2	31
20	15	63
54	0	64
88	8	127
69	3	103
77	15	101
119	6	0
96	3	54
40	40	29
27	4	59
59	19	37
0	7	73
29	1	59
9	5	70
90	12	79
6	2	8
101	7	87
26	16	122
17	3	101
86	17	86
84	0	115
125	5	27
66	32	42
103	8	91
98	12	67
57	3	14
0	3	80
3	0	50
75	3	87
83	6	50
39	12	120
76	1	127
59	15	53
28	12	48
65	3	56
16	14	27
58	10	5
24	5	12
112	3	100
23	5	115
108	12	91
43	3	24
20	12	40
24	5	99
52	4	109
87	6	104
58	12	47
30	3	117
1	19	84
19	21	7
9	9	83
111	9	46
27	19	90
13	19	0
31	2	8
17	2	122
32	15	113
85	13	75
20	29	16
14	7	0
19	0	42
110	4	69
102	19	28
70	14	98
7	6	55
56	12	53
86	17	123
107	3	90
62	22	28
94	0	56
90	10	107
63	30	93
30	15	83
125	5	99
85	6	27
128	7	94
4	27	104
50	1	3
52	22	43
100	12	31
8	6	128
84	3	41
63	19	110
129	2	120
32	5	55
58	3	95
100	1	50
117	6	73
21	0	82
132	7	71
19	12	14
26	6	14
11	15	66
90	13	26
103	6	97
103	3	27
34	3	131
105	15	73
88	8	104
91	5	13
40	3	49
58	12	68
20	0	57
49	5	63
131	5	46
40	4	25
13	5	30
99	0	120
9	3	50
128	3	132
31	6	13
51	5	13
83	10	97
3	0	85
114	7	29
76	4	99
73	18	90
39	33	53
44	2	38
130	5	114
130	5	13
84	12	112
22	30	63
122	6	96
72	12	9
45	12	53
89	12	68
105	16	67
69	15	117
47	3	96
34	3	28
79	19	34
36	19	73
20	0	114
39	28	101
129	10	116
19	0	36
44	5	103
70	7	131
5	19	40
122	2	11
85	6	91
94	18	103
70	7	75
57	36	98
76	28	79
39	34	95
28	13	17
18	14	129
99	26	25
35	12	28
58	3	91
32	19	86
80	15	5
114	12	89
25	3	67
63	15	9
32	3	119
96	3	122
83	21	47
64	4	128
122	4	46
32	30	105
14	19	90
67	15	96
79	15	100
130	2	49
92	15	26
30	15	45
77	28	38
43	12	12
120	2	80
25	6	82
83	5	71
44	2	109
10	7	88
123	3	69
47	3	103
76	30	113
124	10	48
67	1	28
108	12	31
91	15	28
22	25	111
50	1	86
33	4	131
108	0	64
105	5	72
55	12	18
52	24	13
105	12	103
56	5	59
43	6	96
119	1	96
78	2	122
37	6	24
130	6	47
125	3	101
31	12	81
50	8	125
97	19	3
78	35	26
15	7	56
83	12	14
95	7	37
75	3	100
9	5	63
12	6	85
8	10	97
31	15	88
5	26	64
40	2	108
100	7	100
36	10	66
58	3	10
61	16	131
81	13	37
40	12	66
33	6	85
108	2	56
24	13	96
2	19	103
54	0	65
20	16	36
7	6	60
103	3	107
85	12	68
16	15	18
128	12	40
86	1	84
66	14	52
76	22	110
99	26	108
128	19	40
70	19	108
1	3	96
121	3	12
32	6	103
15	14	46
115	3	42
53	7	50
44	5	67
49	10	66
84	20	90
79	28	103
35	12	98
4	7	85
14	10	72
77	3	127
36	16	20
85	3	45
42	2	68
42	15	79
48	14	125
18	3	120
50	30	115
29	7	28
19	8	84
85	10	103
60	4	119
61	32	55
119	3	58
117	3	85
110	17	84
92	3	75
113	33	44
16	13	96
73	2	46
33	12	84
101	14	57
57	3	34
123	12	90
74	19	93
64	16	12
111	1	73
101	3	67
102	30	59
94	3	58
43	0	103
52	22	48
78	2	124
98	15	131
13	6	0
110	3	103
39	3	89
77	4	66
63	7	21
76	30	117
87	6	56
37	35	20
8	6	106
31	33	4
8	16	58
116	2	84
51	32	19
66	0	118
16	4	84
2	10	94
105	18	11
96	12	63
14	0	90
21	0	59
37	14	85
63	19	24
96	6	64
54	10	42
0	3	32
122	6	87
39	17	46
81	6	50
66	5	125
49	17	30
102	5	83
128	6	87
91	25	129
46	30	100
104	12	3
83	19	131
22	3	50
20	37	40
38	3	11
97	6	28
99	6	32
44	1	108
109	15	75
87	10	31
18	5	121
15	6	89
28	12	106
22	14	100
132	1	96
32	3	18
30	19	119
89	6	113
77	3	41
97	19	127
126	19	56
26	16	80
81	7	84
123	15	132
91	7	10
45	16	61
132	7	99
58	3	115
6	5	101
113	22	126
90	12	8
47	6	13
9	15	130
19	3	103
67	4	99
18	1	73
8	16	122
99	24	123
4	4	29
27	16	85
107	15	59
91	7	27
109	15	36
112	34	98
87	6	87
97	23	37
13	5	61
49	34	60
20	10	31
20	37	1
91	19	121
54	0	52
2	32	111
74	2	60
109	3	121
24	3	93
88	15	61
40	4	74
29	2	129
36	10	33
87	3	70
39	4	99
51	12	28
129	6	84
49	2	46
16	3	85
96	10	99
100	3	72
103	3	10
72	17	15
19	19	84
97	5	84
99	6	38
4	5	129
32	23	50
20	37	28
28	2	130
39	19	103
23	3	6
56	0	56
73	0	58
107	20	14
68	1	87
111	9	51
106	6	44
47	3	87
1	2	98
92	2	27
58	3	20
111	10	32
24	15	35
91	7	39
31	15	81
79	3	115
115	4	68
128	23	84
45	15	111
15	2	14
27	17	125
123	2	126
39	15	112
24	5	26
93	0	118
0	0	123
68	15	124
53	22	28
125	3	9
54	5	117
29	6	24
73	3	89
26	0	98
33	4	40
55	15	12
2	3	29
119	10	102
63	3	77
0	1	92
3	2	132
4	3	13
53	5	2
48	19	106
15	26	92
29	3	122
31	2	85
0	3	62
88	3	84
118	4	126
32	5	73
76	20	32
39	33	39
22	19	28
118	5	67
104	0	50
3	5	48
75	1	90
82	2	88
46	2	49
105	14	109
29	6	95
126	2	83
86	17	130
88	7	84
44	3	107
58	17	15
7	1	72
109	33	66
87	21	90
77	28	61
37	2	32
14	15	20
101	17	29
39	3	19
6	3	29
71	3	128
91	14	8
129	10	46
48	14	52
106	2	107
100	3	39
43	5	49
48	7	78
79	12	81
122	3	89
98	4	29
108	3	91
46	19	90
54	0	78
42	0	29
64	2	57
50	10	9
26	16	66
15	3	62
20	31	4
23	16	130
39	5	98
39	28	0
71	10	125
86	10	79
86	4	97
113	3	50
59	28	44
73	6	36
82	3	75
54	16	92
118	17	95
35	12	87
131	5	30
30	25	50
87	12	102
122	22	18
60	29	105
10	7	74
59	4	3
107	17	89
102	7	37
77	2	16
4	13	103
40	1	27
103	10	40
4	3	122
2	3	14
72	3	14
45	16	100
2	3	18
44	3	53
127	5	43
67	30	5
39	24	123
99	14	96
86	17	42
45	0	39
75	12	117
119	0	50
126	2	97
104	9	44
55	6	40
11	3	96
39	4	85
91	14	1
29	2	32
126	16	56
10	23	7
74	20	103
127	0	39
126	33	115
122	6	106
35	3	84
105	19	118
123	3	96
112	8	111
17	6	90
118	19	40
48	5	23
120	17	79
103	6	91
127	3	50
38	4	26
109	19	37
63	25	43
91	3	83
4	13	108
63	1	40
105	7	22
40	3	40
92	5	16
102	3	121
109	19	0
76	12	29
88	13	73
107	0	108
82	7	14
34	16	98
17	19	113
70	19	117
66	5	16
77	33	77
10	2	130
97	3	23
14	5	17
5	3	29
105	7	27
51	32	37
15	10	102
121	16	6
71	8	40
91	3	31
77	14	108
91	5	20
61	10	53
89	10	70
6	19	40
3	19	103
78	3	108
100	0	40
94	3	12
65	0	71
123	3	84
28	12	101
120	19	18
110	6	96
50	6	52
97	5	86
61	0	12
69	12	89
40	8	93
50	12	33
126	0	84
105	3	68
7	3	84
58	6	10
30	3	88
123	10	15
86	17	41
48	16	6
25	2	93
85	13	27
113	15	88
40	3	121
69	4	103
53	4	90
87	7	96
128	4	122
51	33	115
103	13	2
23	3	14
18	4	0
57	13	7
44	19	75
42	2	43
20	2	13
104	7	37
14	12	27
77	33	99
88	3	18
18	5	131
105	5	38
108	19	29
127	15	78
95	3	104
103	7	32
18	12	6
66	19	95
36	3	29
23	2	30
34	30	68
109	8	111
76	1	125
44	5	40
105	4	7
103	3	71
37	1	101
107	1	29
126	6	14
76	3	50
68	6	126
75	19	86
10	14	71
128	6	100
85	15	39
57	3	45
109	5	23
55	6	108
87	14	85
60	3	40
6	5	115
106	1	58
63	7	104
50	3	0
0	16	84
24	2	8
105	6	14
77	28	116
77	17	26
70	0	56
21	10	41
98	6	87
64	30	24
70	12	9
113	22	88
49	12	103
99	1	132
57	0	9
91	14	127
54	2	81
10	5	61
9	14	54
84	30	28
76	4	120
103	10	63
60	12	108
61	9	85
42	4	106
81	3	85
90	6	54
64	3	70
76	30	56
60	30	85
45	16	64
17	2	1
45	16	15
116	3	130
114	30	65
4	5	60
115	15	65
130	19	103
8	5	66
14	3	19
128	17	97
108	6	46
7	0	41
72	0	12
75	22	13
111	3	28
36	3	87
88	5	117
112	3	29
96	3	4
75	19	95
47	2	36
110	0	39
113	1	40
28	12	128
89	7	37
110	25	35
57	3	109
8	3	85
53	3	53
108	3	60
101	3	53
87	12	15
93	3	103
76	6	128
110	0	40
104	6	89
50	3	92
0	6	81
90	6	82
37	16	26
18	24	30
84	3	25
63	14	84
50	0	96
61	10	37
97	5	120
65	27	124
15	8	111
96	6	130
57	10	49
73	3	53
8	4	103
57	16	63
7	3	22
2	22	29
118	2	46
70	12	131
37	17	34
58	10	39
13	16	11
34	6	72
12	5	48
9	6	96
7	3	17
76	20	22
82	5	71
29	6	74
130	3	96
55	12	131
119	19	71
103	1	57
32	6	50
48	10	15
37	16	0
79	19	59
112	2	72
21	5	15
100	3	88
100	3	0
41	21	98
88	1	58
7	6	26
127	2	20
126	0	128
52	12	96
67	3	89
37	12	28
56	15	21
90	3	30
90	1	33
67	3	130
97	3	56
45	0	115
49	24	123
83	4	73
20	5	15
77	23	49
122	1	49
2	10	89
99	10	97
108	6	2
54	6	68
70	7	4
22	5	18
110	5	59
86	17	38
68	6	109
106	3	6
44	19	46
37	8	63
57	16	132
85	3	76
108	3	20
97	6	58
70	2	86
66	14	49
46	2	88
77	17	120
97	1	40
3	12	90
17	7	73
45	2	32
83	21	56
102	5	14
103	7	78
27	6	58
70	15	91
30	3	56
87	12	20
70	3	123
101	30	87
128	18	33
122	19	37
94	2	116
98	10	91
54	2	108
0	15	74
73	6	26
124	6	103
110	1	87
17	2	66
114	5	63
73	7	85
45	16	13
52	8	61
122	12	14
54	12	18
111	5	48
20	0	68
33	33	70
66	3	120
29	6	83
30	1	87
11	4	40
64	2	62
73	12	3
50	3	5
104	34	95
18	5	75
14	6	129
76	30	12
45	16	93
45	16	114
85	12	37
112	15	9
39	33	64
92	19	127
96	3	119
3	0	108
10	21	16
65	6	37
99	2	113
40	2	1
119	3	3
40	30	100
25	3	99
56	1	14
36	6	29
108	3	127
89	32	128
101	30	85
41	21	92
93	16	117
56	6	14
123	3	103
117	15	7
90	2	36
14	6	110
47	28	43
68	6	112
100	2	130
12	5	10
39	4	31
76	20	81
24	19	39
73	4	29
92	11	129
39	2	30
90	1	88
5	3	103
80	5	56
34	30	49
91	5	43
58	14	26
78	5	6
37	6	127
25	16	56
120	2	126
115	3	76
92	3	55
40	6	24
36	5	117
39	28	126
22	24	13
125	5	131
96	12	118
24	3	81
91	14	18
96	3	37
49	5	81
107	5	11
96	3	127
35	1	87
44	3	113
19	2	79
50	10	64
45	0	104
14	12	31
90	2	75
70	16	56
111	7	40
47	6	66
9	0	77
4	19	12
32	7	108
96	6	10
109	17	90
90	14	20
76	20	3
97	5	49
20	5	105
40	12	60
63	19	28
123	4	100
82	2	68
42	6	89
103	6	3
54	0	36
122	22	122
11	12	14
2	3	28
39	28	35
60	2	99
117	19	50
55	22	77
108	32	80
97	32	95
132	19	65
123	12	53
96	32	64
128	3	81
8	16	28
75	17	40
83	21	72
45	6	68
103	7	5
61	6	7
73	6	97
115	1	84
103	10	93
94	3	84
1	2	106
118	17	49
99	26	45
110	32	121
101	6	90
108	12	73
104	24	61
9	24	21
52	2	1
74	3	70
57	16	118
66	6	103
103	7	28
1	3	28
77	17	12
97	2	98
105	14	56
62	5	9
92	5	32
5	6	47
77	3	67
15	6	85
77	33	106
108	6	44
64	3	38
12	5	40
29	13	53
72	4	131
106	6	43
55	22	34
29	12	10
73	14	90
77	17	18
118	17	59
69	6	28
79	5	5
39	17	117
35	15	32
100	3	21
10	4	34
53	4	40
87	12	46
4	5	45
100	3	121
39	17	88
31	18	29
92	5	113
44	1	85
99	4	73
124	19	90
132	12	87
54	19	40
27	0	23
26	16	92
108	10	83
41	36	91
54	3	108
66	7	57
122	4	109
48	16	120
90	6	94
68	3	85
69	28	79
26	36	17
89	3	66
62	12	90
60	3	3
7	1	46
28	2	127
85	2	76
85	10	93
74	15	121
35	6	103
115	2	1
104	2	82
75	0	85
63	19	8
110	32	3
72	3	108
12	1	108
8	3	67
84	6	30
97	19	79
22	15	69
128	4	123
50	3	35
87	6	41
77	5	120
132	5	62
111	27	60
10	14	73
19	3	96
113	5	10
50	7	96
107	3	84
103	5	91
18	17	103
57	32	123
40	12	86
85	3	132
129	10	99
113	6	77
85	3	79
85	3	30
29	3	21
115	7	128
58	2	80
74	3	109
57	0	31
37	16	23
34	5	30
27	14	58
4	0	0
40	8	14
38	2	106
7	3	123
29	10	82
14	18	84
37	26	109
125	6	128
91	3	5
63	3	6
13	6	27
19	19	0
10	2	81
74	19	121
20	10	100
49	4	7
60	3	101
57	0	42
101	16	120
6	19	7
97	19	110
2	3	96
76	6	84
14	3	47
105	7	55
16	5	48
48	14	84
90	6	101
10	21	49
19	5	105
103	12	48
40	3	127
95	3	98
0	7	36
82	2	126
99	0	132
62	26	88
78	3	103
74	5	81
37	0	130
54	2	31
125	6	40
4	5	120
96	10	127
40	3	106
34	19	50
45	12	3
90	3	125
94	6	68
106	0	64
95	12	98
63	19	93
56	17	84
74	2	40
115	0	120
58	3	64
122	2	118
123	4	97
29	6	42
52	3	40
119	12	28
120	10	97
78	15	117
23	7	90
24	0	7
74	7	50
79	2	31
2	0	84
53	0	120
118	9	109
113	6	28
84	13	67
26	0	64
75	3	98
30	17	63
74	10	91
24	3	102
98	12	100
69	12	109
122	12	56
72	2	36
114	30	62
127	0	108
103	12	104
97	3	3
49	16	131
116	19	0
119	12	90
45	16	65
63	3	113
58	3	124
91	14	15
122	5	74
96	12	115
11	2	88
28	3	61
64	6	106
50	13	119
115	22	84
26	10	109
37	16	63
55	5	31
7	1	118
10	0	28
132	14	61
129	19	103
68	0	40
108	12	64
102	3	102
57	7	7
36	3	89
12	5	100
19	0	43
123	28	17
115	24	72
27	0	60
69	9	119
50	3	24
37	3	132
89	6	116
87	10	125
118	17	86
104	9	118
37	0	65
3	0	100
17	3	22
108	10	119
32	2	53
82	5	63
101	15	14
110	24	9
128	5	79
85	3	59
83	17	70
42	4	105
90	13	85
35	0	131
95	19	7
65	34	80
84	3	26
115	14	95
11	15	29
97	5	93
108	12	129
120	2	125
90	7	27
61	14	108
125	5	6
53	17	96
128	2	115
86	16	20
63	7	1
68	22	50
89	12	126
5	23	40
120	3	89
35	5	115
112	14	45
103	3	2
26	10	63
45	3	87
103	6	48
44	6	14
111	2	125
4	2	102
86	17	7
15	1	85
39	33	1
38	6	106
89	9	82
43	7	84
125	25	67
91	14	112
131	15	57
4	15	44
31	3	12
118	17	124
32	5	50
73	6	71
95	17	91
26	6	108
25	7	28
3	0	14
92	2	102
132	3	20
41	15	28
94	19	84
37	4	90
28	3	86
132	5	1
122	3	50
96	10	88
52	6	64
39	3	67
43	19	15
18	5	66
129	28	97
26	0	65
7	6	74
112	6	14
59	4	25
108	12	94
13	1	58
56	19	52
45	16	20
48	19	127
84	7	93
7	3	49
110	4	28
79	10	102
43	5	101
45	19	84
28	10	52
15	14	22
131	3	28
105	2	108
121	2	49
22	31	84
101	10	31
12	17	24
29	19	84
110	32	25
74	5	82
36	33	71
100	3	102
96	16	98
129	3	96
38	12	67
103	6	15
49	3	84
21	10	22
108	3	123
67	3	29
49	3	90
131	16	11
105	1	28
129	3	108
132	7	125
64	32	38
84	6	22
109	1	87
27	3	123
22	19	88
96	6	93
99	6	94
111	15	52
90	3	27
117	5	117
54	2	15
72	6	90
7	8	58
105	18	10
24	3	109
130	2	10
52	1	3
69	12	11
59	19	7
28	3	44
58	10	7
3	2	54
84	6	12
2	4	29
19	0	91
10	3	27
70	19	80
128	3	6
60	19	37
71	3	80
77	0	128
29	3	23
102	19	32
21	15	50
116	3	58
92	1	90
105	34	77
84	10	43
47	6	39
130	2	95
0	16	74
48	19	39
121	3	100
130	6	7
123	1	124
90	3	0
0	3	84
8	16	116
47	6	16
14	6	66
7	7	29
10	21	19
114	0	29
7	6	109
71	3	130
86	3	50
129	13	87
63	7	25
63	32	64
66	3	11
41	6	84
76	17	115
71	2	63
50	12	54
80	13	0
89	3	59
130	5	55
99	6	56
61	4	61
128	15	104
95	4	119
37	14	129
108	3	110
109	32	60
97	5	67
41	3	29
70	7	94
103	3	62
47	20	28
95	6	90
86	17	13
52	15	12
40	10	20
24	5	49
127	3	96
30	33	43
48	3	18
105	3	91
132	7	120
29	1	79
88	10	48
86	4	6
36	16	117
34	2	49
77	0	120
9	12	53
58	6	39
84	6	27
69	7	58
32	9	82
25	3	12
88	12	96
72	17	132
39	17	26
103	3	114
22	19	126
49	15	115
118	4	8
113	32	128
12	0	53
87	3	30
66	19	1
6	12	11
17	33	32
12	12	100
106	3	130
82	7	87
72	6	40
11	6	89
29	16	11
77	17	1
100	10	59
39	3	130
29	16	20
90	3	101
116	17	125
130	3	58
31	3	46
13	3	118
103	3	57
30	3	13
54	0	129
119	16	12
84	7	59
29	5	18
40	12	78
16	3	53
119	34	42
131	5	51
52	1	74
0	7	84
100	6	120
57	16	29
56	0	7
8	16	103
4	10	70
56	6	68
16	2	48
89	15	83
84	12	57
66	5	104
84	12	16
49	5	132
45	5	75
121	15	5
15	14	17
100	8	104
62	12	100
28	6	131
126	0	58
46	3	96
40	6	111
126	19	124
66	0	84
17	23	40
31	19	113
88	12	67
112	17	100
56	1	103
106	6	41
50	13	95
118	4	99
49	19	29
130	12	12
120	3	29
110	5	79
21	3	58
87	15	40
3	5	126
90	4	107
37	15	96
81	8	51
120	2	20
21	16	3
86	4	30
10	3	55
51	6	58
106	5	48
89	3	53
59	12	89
77	10	82
109	3	11
50	3	124
8	16	27
90	12	110
16	9	33
101	6	87
105	17	79
26	2	14
57	4	0
84	24	72
44	3	128
67	24	52
44	19	15
67	6	39
87	3	36
99	15	29
130	33	125
99	7	87
56	2	49
108	3	97
80	15	71
41	18	69
63	6	0
61	10	65
56	9	33
57	0	116
76	1	111
79	2	36
63	14	5
130	2	91
21	1	73
83	2	14
5	12	14
97	14	85
29	1	13
48	3	60
15	14	114
57	0	27
96	10	112
44	19	57
51	6	7
24	3	2
5	19	90
100	12	24
54	15	52
90	2	127
1	5	125
45	0	128
44	12	87
120	5	51
34	30	116
35	23	84
66	7	74
116	3	9
24	19	12
7	3	34
52	1	12
37	14	28
66	39	23
95	5	63
29	6	66
21	14	100
12	5	0
105	6	108
57	17	63
71	3	51
24	3	77
100	6	117
13	4	15
132	3	104
109	0	52
83	23	50
76	20	126
72	2	34
51	16	56
115	3	51
62	13	73
77	17	39
89	12	78
103	12	78
57	10	7
37	0	78
11	5	83
27	37	28
7	2	106
82	1	28
103	12	22
86	2	94
77	17	69
55	5	98
0	16	97
66	3	91
13	9	41
96	10	67
85	12	26
102	5	32
58	28	105
96	12	5
14	3	95
40	12	48
129	5	6
28	12	110
59	7	87
128	4	91
68	6	102
112	0	15
77	29	52
66	7	35
102	2	49
68	6	64
94	6	47
40	6	8
29	4	91
26	5	71
26	16	52
10	0	7
94	3	117
24	3	105
1	7	85
103	15	70
53	19	0
118	32	80
129	0	125
44	3	64
81	2	2
115	10	33
50	7	62
96	8	43
66	19	22
115	7	106
42	29	68
40	2	119
110	4	59
98	4	84
96	17	48
59	3	40
50	12	132
86	10	48
3	21	103
84	2	130
34	3	89
76	22	43
125	2	8
110	0	128
21	0	76
105	14	29
16	7	103
122	3	81
115	5	123
67	5	115
94	7	87
82	2	74
74	19	66
96	15	91
63	6	123
45	21	122
16	34	86
10	18	16
11	6	14
57	32	60
124	10	15
64	15	23
32	19	31
45	5	132
66	3	61
91	19	91
4	10	43
47	19	84
108	3	107
3	4	40
39	9	128
85	3	37
26	0	132
121	12	58
69	3	90
40	6	112
109	5	95
55	0	12
54	10	94
15	7	88
70	7	68
105	5	105
23	3	75
48	15	84
110	9	80
125	19	65
57	3	90
26	5	30
8	14	108
87	3	73
79	3	83
112	0	21
101	3	14
52	3	130
129	2	53
8	0	0
37	14	57
77	17	93
27	10	47
47	2	126
63	19	38
94	39	23
116	28	50
127	4	99
51	2	125
32	15	132
40	7	55
4	10	15
40	1	63
20	3	87
106	2	46
6	6	84
78	7	0
119	0	40
15	19	45
14	10	40
71	12	9
10	23	6
24	6	50
14	6	34
32	3	8
118	4	12
23	5	70
90	8	49
34	0	128
37	0	20
85	2	107
119	15	58
74	3	39
93	0	37
112	10	22
117	3	28
0	16	45
107	16	109
103	3	110
63	10	115
37	15	13
70	7	64
7	16	49
29	3	82
41	18	32
29	12	101
77	4	112
115	3	67
1	15	46
29	1	106
51	9	62
117	24	129
22	5	15
85	15	60
18	10	115
70	6	100
66	2	3
21	0	93
52	1	15
107	33	92
73	30	10
27	7	108
70	6	28
29	6	117
14	10	64
102	19	16
10	7	17
99	15	31
51	24	74
50	12	38
132	3	56
102	5	52
81	16	117
16	6	85
39	17	75
0	6	115
20	5	44
100	9	41
111	23	25
50	4	32
72	0	58
73	14	35
74	2	108
16	3	58
27	6	106
36	24	13
18	5	3
80	2	107
111	2	75
50	12	106
96	2	113
27	2	13
116	7	50
46	12	67
77	23	53
51	6	85
15	19	71
17	7	29
59	6	29
20	16	97
76	3	100
31	19	115
100	19	73
28	12	57
34	15	58
57	34	100
93	10	119
15	29	94
117	26	67
106	6	80
25	28	91
129	7	7
30	6	29
82	3	50
40	3	77
33	0	95
40	12	62
130	15	26
54	6	96
132	3	116
114	8	104
48	15	40
53	2	68
75	6	87
100	12	95
62	3	28
93	3	90
130	5	99
76	5	115
66	12	103
21	2	61
96	6	43
121	2	126
8	16	94
35	22	100
53	10	116
86	17	116
110	15	68
79	4	0
53	3	40
13	15	25
97	3	67
17	3	70
90	12	114
5	2	126
122	22	35
119	2	89
3	6	103
30	19	120
122	23	38
121	3	98
101	34	69
21	0	44
50	28	48
2	12	75
115	0	103
31	3	117
60	4	35
85	3	64
33	5	17
102	3	6
6	12	89
106	5	98
0	4	29
77	28	111
50	3	63
91	7	63
15	2	106
49	2	9
83	3	81
114	28	4
93	13	103
97	3	80
36	1	96
80	9	119
34	1	110
29	6	34
40	10	23
53	19	37
132	16	109
34	2	103
22	8	84
111	12	75
105	23	47
97	6	85
85	12	83
27	2	31
119	28	44
45	2	55
17	6	58
89	7	73
107	6	85
98	5	70
96	6	55
84	3	68
64	4	110
126	3	9
112	3	28
54	4	29
26	3	18
96	3	64
68	6	31
97	7	37
118	17	123
93	6	103
72	3	40
97	3	74
103	6	45
74	10	70
94	2	124
88	39	28
75	34	118
75	5	68
102	5	113
121	7	7
77	28	46
122	4	119
109	3	108
5	2	85
72	15	14
110	5	94
87	2	126
125	19	11
1	3	11
68	6	6
29	13	39
79	3	51
32	2	44
91	32	1
27	5	48
121	0	81
57	10	25
41	19	4
108	3	68
129	41	16
51	3	103
26	0	54
122	15	49
19	6	100
129	0	25
72	6	108
66	14	130
129	0	16
25	10	48
57	0	46
98	5	132
108	6	108
26	16	71
44	32	128
10	12	18
79	1	28
119	12	84
129	3	90
132	14	17
70	19	110
8	12	18
12	3	131
66	3	3
127	6	25
1	6	84
16	0	29
37	5	120
77	4	34
21	7	7
85	12	74
77	3	38
19	2	64
116	5	92
1	5	30
50	10	33
93	3	84
62	3	85
27	0	13
7	5	98
18	9	82
26	10	71
27	10	21
41	19	87
117	2	49
87	10	40
50	10	60
66	15	86
117	28	96
7	5	105
90	6	114
5	15	23
4	5	131
83	2	7
27	28	58
130	3	40
79	19	99
0	16	69
10	3	13
27	16	74
132	6	50
38	14	108
88	32	13
48	7	5
112	10	132
30	19	1
7	6	57
6	5	132
26	3	28
76	12	28
109	3	85
46	16	75
120	16	117
69	19	29
75	3	14
32	5	113
57	6	85
90	3	42
115	19	116
128	28	87
120	3	131
10	7	63
98	0	73
47	19	73
60	0	120
104	26	81
85	6	22
81	5	122
80	3	108
81	3	90
58	6	5
122	12	85
114	30	81
17	5	102
98	31	92
69	6	50
27	0	114
76	30	38
111	12	40
125	15	26
37	3	84
76	30	54
100	16	67
33	6	89
87	3	39
123	10	132
125	3	75
36	3	75
7	16	46
72	4	122
98	0	115
87	2	0
49	5	115
73	8	37
73	3	87
94	10	48
39	2	46
16	17	17
96	6	65
77	28	3
44	5	60
79	19	66
122	22	77
81	2	83
111	4	73
111	32	44
41	21	108
15	3	88
66	6	28
39	4	59
28	19	29
123	0	60
89	36	22
99	3	50
100	12	5
39	28	89
91	17	89
111	9	49
20	0	70
106	6	82
32	19	117
28	6	120
26	0	86
132	3	47
107	10	91
44	3	26
62	19	103
76	2	82
3	5	59
71	19	76
77	16	9
84	12	74
77	17	9
112	34	20
74	23	37
103	6	17
78	1	108
23	6	29
31	8	100
91	2	42
81	2	72
4	3	119
87	3	80
59	2	110
42	29	82
81	19	37
13	10	116
67	2	30
102	5	129
113	22	4
105	3	18
128	21	61
118	12	53
23	2	107
17	25	128
117	0	50
116	13	52
102	5	76
122	1	17
61	32	127
39	3	10
95	39	23
50	7	49
85	3	97
4	5	12
39	0	120
28	12	83
26	0	111
10	19	97
50	14	45
85	2	30
12	19	36
27	10	8
122	3	18
35	14	100
61	3	28
114	15	116
52	22	7
123	4	80
43	3	131
54	16	80
84	3	107
32	19	30
51	17	70
3	2	108
79	3	126
37	3	126
18	2	16
45	3	40
77	6	128
98	4	103
39	9	63
109	38	26
86	17	95
89	5	117
129	2	110
9	12	87
86	4	11
52	22	131
22	6	103
46	19	73
37	6	44
12	28	85
38	19	73
127	2	64
67	24	121
38	5	120
30	14	85
22	2	85
100	26	130
86	2	35
84	5	63
85	12	66
28	15	23
122	22	25
84	5	44
0	0	22
130	10	35
87	12	47
37	3	99
75	5	49
116	4	59
45	6	50
77	16	11
39	28	98
108	3	37
51	32	59
64	3	26
109	5	2
103	6	80
9	30	74
41	21	59
79	25	26
98	14	85
97	0	77
75	12	85
104	2	105
104	10	2
105	3	115
45	0	71
14	3	27
20	12	130
10	2	10
51	13	73
77	19	73
120	32	118
77	28	112
14	12	43
111	32	81
126	15	9
129	8	111
79	5	81
123	7	103
28	10	78
68	6	42
103	12	73
10	15	47
65	3	120
36	4	103
79	3	110
107	12	100
131	2	2
57	0	74
76	1	46
56	3	108
86	4	52
94	12	53
31	5	60
27	16	104
57	2	68
102	28	115
111	5	60
22	19	99
12	6	28
79	5	89
92	1	7
59	1	7
63	3	16
25	2	29
9	6	85
42	3	98
127	34	118
92	5	28
21	10	102
42	0	14
87	3	94
6	36	20
68	5	91
37	2	94
50	8	19
40	13	52
84	10	120
76	20	98
26	6	0
17	9	41
78	2	26
42	6	100
34	6	13
65	12	18
46	12	130
50	2	20
15	3	55
90	4	98
3	3	84
0	16	119
87	12	25
43	2	76
34	26	47
76	1	118
4	6	89
72	7	90
106	21	122
37	1	42
5	23	29
84	13	124
127	9	116
98	0	42
44	6	128
34	16	12
100	9	33
64	15	45
57	12	6
92	2	26
88	4	73
46	2	126
41	2	112
55	1	96
86	29	5
54	16	106
32	3	126
32	2	124
35	3	14
51	10	5
95	21	84
70	20	116
15	25	37
84	4	24
111	9	72
108	10	90
132	12	81
132	14	55
6	5	63
24	5	6
69	2	82
55	6	72
9	3	85
38	0	50
86	15	41
60	10	66
